-1.00   1     1
-1.00   1     2
-1.00   1     3
-1.00   1     4
-1.00   1     5
-1.00   1     6
-1.00   1     7
-1.00   1     8
-1.00   1     9
-1.00   1     10
-1.00   2     1
-1.00   2     2
-1.00   2     3
-1.00   2     4
-1.00   2     5
-1.00   2     6
-1.00   2     7
-1.00   2     8
-1.00   2     9
-1.00   2     10
-1.00   3     1
-1.00   3     2
-1.00   3     3
-1.00   3     4
-1.00   3     5
-1.00   3     6
-1.00   3     7
-1.00   3     8
-1.00   3     9
-1.00   3     10
-1.00   4     1
-1.00   4     2
-1.00   4     3
-1.00   4     4
-1.00   4     5
-1.00   4     6
-1.00   4     7
-1.00   4     8
-1.00   4     9
-1.00   4     10
1.00    7     1
1.00    7     2
1.00    7     3
1.00    7     4
1.00    7     5
1.00    7     6
1.00    7     7
1.00    7     8
1.00    7     9
1.00    7     10
1.00    8     1
1.00    8     2
1.00    8     3
1.00    8     4
1.00    8     5
1.00    8     6
1.00    8     7
1.00    8     8
1.00    8     9
1.00    8     10
1.00    9     1
1.00    9     2
1.00    9     3
1.00    9     4
1.00    9     5
1.00    9     6
1.00    9     7
1.00    9     8
1.00    9     9
1.00    9     10
1.00    10    1
1.00    10    2
1.00    10    3
1.00    10    4
1.00    10    5
1.00    10    6
1.00    10    7
1.00    10    8
1.00    10    9
1.00    10    10
1.00 	5		3
-1.00	6		8
