1.0 -1.9667 -0.75244
1.0 2.7991 3.1475
1.0 2.1624 -3.4676
-1.0 -1.7166 -1.812
1.0 2.7253 3.7906
-1.0 -3.7232 -1.5626
1.0 0.76035 3.4802
1.0 -1.4425 2.8911
1.0 2.177 2.9537
1.0 1.6806 0.96806
-1.0 -3.771 -2.3054
1.0 1.4377 4.5162
1.0 0.45077 3.0433
-1.0 -4.6776 -4.6292
-1.0 -4.6671 1.1128
1.0 -0.48257 -1.1339
1.0 1.14 1.5698
1.0 -2.0497 3.9534
-1.0 -1.1488 -4.9806
-1.0 -3.8249 3.8968
1.0 1.2395 0.51889
-1.0 -0.27517 -3.5968
1.0 4.3151 0.51368
1.0 4.8588 -3.9985
-1.0 -0.077842 -4.5444
1.0 4.3481 2.932
1.0 2.8122 -1.0494
-1.0 -2.5477 -2.8851
-1.0 1.2372 -4.5221
-1.0 -4.0064 4.0803
-1.0 -2.2419 -2.3282
1.0 4.6885 2.7118
1.0 -0.88646 -0.73082
1.0 2.4988 -4.7041
1.0 2.4258 -2.9452
-1.0 -4.7575 -1.8945
-1.0 -2.3383 1.2423
-1.0 -2.725 4.6326
1.0 -1.7591 0.23216
1.0 0.58206 -0.70485
1.0 -0.42406 -0.90871
-1.0 -4.758 3.8094
1.0 1.143 4.0846
-1.0 -0.37432 -3.9167
-1.0 0.67796 -3.1721
-1.0 -3.8212 2.2948
1.0 -2.0285 3.9129
1.0 0.12281 2.7018
1.0 -1.4316 2.1744
-1.0 -3.0751 -3.3485
1.0 1.9016 -3.0146
-1.0 -2.8436 -1.6293
-1.0 -2.5698 4.5621
1.0 2.2581 3.4432
1.0 4.7096 -2.8371
-1.0 -4.2932 -3.4749
1.0 3.6469 3.6834
-1.0 -2.0746 -3.3098
1.0 -0.93104 0.1626
1.0 3.0214 -0.49959
1.0 1.9907 -1.762
-1.0 -0.91253 -4.3104
1.0 -1.3132 1.7902
1.0 2.9804 1.9256
1.0 3.9856 -3.2168
1.0 -0.05082 3.199
1.0 4.0305 2.1172
-1.0 -1.7178 -4.2472
1.0 4.8565 2.4798
1.0 4.2439 -0.89568
1.0 4.4005 3.6248
-1.0 -3.762 -1.0148
-1.0 -0.26729 -4.8137
1.0 1.7251 3.1483
1.0 1.3329 4.5212
-1.0 -0.72512 -2.0987
1.0 0.49893 -2.4808
1.0 4.6057 -1.8922
-1.0 -3.0855 1.5494
1.0 -0.42433 3.0646
1.0 -0.040448 0.87665
-1.0 -2.9428 1.8823
1.0 1.0657 3.4398
-1.0 -4.4581 3.7954
1.0 2.1413 -4.7933
1.0 0.12148 0.81838
-1.0 -2.9431 -0.68266
1.0 4.4282 3.2325
-1.0 -1.7803 2.2981
-1.0 -2.3072 -2.3003
-1.0 -4.2438 -1.5986
-1.0 -2.2481 1.0047
-1.0 -2.773 0.48287
1.0 2.2022 3.2722
1.0 2.1224 1.2386
-1.0 -4.8296 -0.48044
1.0 2.9369 4.3204
1.0 0.50185 -1.2478
1.0 1.5012 -3.0021
1.0 2.2362 -2.9744
1.0 0.17884 -1.7528
1.0 4.6412 1.2513
1.0 3.1557 1.9806
1.0 4.1476 2.2938
-1.0 1.6802 -4.7063
1.0 2.8844 1.728
1.0 -1.4096 3.5795
1.0 1.1288 -1.3194
-1.0 -3.7042 -0.28297
-1.0 -3.4759 3.1938
1.0 -0.99469 1.3194
-1.0 -3.8131 -3.5295
-1.0 -4.4258 4.7067
-1.0 -3.3322 -1.3759
1.0 3.1021 -0.93103
-1.0 -3.4985 -1.7745
1.0 0.33534 4.9097
-1.0 -2.2491 -3.9766
1.0 -0.51873 -1.5209
1.0 1.0752 -1.0469
1.0 4.7465 2.2004
1.0 0.10254 1.7484
-1.0 -3.9033 1.7899
1.0 3.2229 3.2274
1.0 -0.28693 1.9819
1.0 1.983 -2.0971
-1.0 1.2695 -4.652
1.0 0.53512 2.2485
1.0 -0.35349 4.877
-1.0 -2.9275 -2.7837
-1.0 -2.3948 -3.204
1.0 2.3952 -1.4836
-1.0 -2.6861 -1.0716
-1.0 -2.1093 3.9808
-1.0 -3.2997 -3.1467
1.0 1.6477 -3.2052
1.0 3.4617 -0.37856
1.0 -1.3071 0.23621
1.0 2.9649 3.1577
1.0 4.2255 -0.54086
1.0 -0.80159 3.4688
1.0 2.9665 -3.9261
1.0 2.6524 2.4269
-1.0 -3.4799 -3.8896
-1.0 -3.7499 4.9588
1.0 2.8152 -1.0597
1.0 0.82572 3.5627
1.0 3.4031 4.2507
-1.0 -3.5747 -4.2041
1.0 4.4356 -4.326
-1.0 -1.2555 -4.411
-1.0 -1.0428 -4.2501
-1.0 -4.6452 2.0507
-1.0 -2.8484 -0.20057
-1.0 -2.1901 0.99578
-1.0 1.0066 -3.8045
1.0 0.36328 3.342
1.0 -1.5099 2.9791
-1.0 -0.058306 -2.6073
1.0 3.6835 0.11928
1.0 4.8353 -2.7345
-1.0 -0.54333 -3.8295
-1.0 -3.0012 2.4131
-1.0 -2.8418 0.17206
1.0 1.9063 -4.3894
1.0 0.86802 -0.88158
1.0 0.77841 -1.8666
1.0 0.34859 0.21524
1.0 -0.10115 -1.6919
1.0 0.40261 1.5383
-1.0 -3.2491 3.4069
1.0 4.2344 -4.808
1.0 2.5497 -3.9408
1.0 2.9653 3.45
1.0 4.631 -2.0151
1.0 3.1968 2.6294
-1.0 -1.6298 -1.884
-1.0 -2.7637 1.1901
-1.0 -2.8107 -4.3137
1.0 3.784 -2.1881
-1.0 -2.747 -3.127
1.0 2.3325 -4.9666
-1.0 -4.983 -3.506
-1.0 -0.21044 -4.4992
1.0 -1.125 3.4792
1.0 2.6343 1.8166
1.0 1.2332 4.9869
-1.0 1.0721 -4.2385
1.0 4.9449 1.1026
1.0 3.9137 -3.5847
1.0 4.8074 -2.9162
-1.0 -2.2935 -3.1242
1.0 4.8144 -0.16335
-1.0 -1.8891 2.8025
1.0 4.4115 -1.2389
1.0 1.6091 2.8225
-1.0 -3.0995 1.5175
1.0 -0.868 2.4759
1.0 4.4807 3.3904
-1.0 -3.902 2.9391
1.0 3.8162 -0.29798
-1.0 -2.2929 -2.8282
1.0 -2.1069 -0.33878
1.0 1.4571 -0.95434
-1.0 -4.7019 4.278
-1.0 -3.1269 1.969
1.0 4.7304 -2.703
-1.0 -4.7004 2.1111
1.0 2.9232 3.9679
1.0 -0.64355 1.8452
1.0 2.233 -3.7366
-1.0 -1.0033 -3.5759
-1.0 -1.7934 2.955
-1.0 1.0663 -4.707
-1.0 -4.4531 2.0574
1.0 3.5249 -2.653
1.0 3.9705 4.6512
-1.0 0.20429 -3.8633
-1.0 -3.1915 -0.79029
1.0 -0.87614 -1.0332
-1.0 0.88181 -3.4225
1.0 3.6627 1.208
1.0 1.6987 3.2302
1.0 -1.8564 1.3213
1.0 4.5692 2.6184
1.0 4.1929 1.3565
1.0 4.2204 -3.5508
1.0 0.88048 3.6318
-1.0 -3.2175 2.2636
-1.0 -1.6359 -1.3972
1.0 1.2366 -1.1362
1.0 -0.20618 -1.7217
1.0 3.27 1.608
1.0 2.3169 -2.5315
-1.0 -2.7374 4.9311
-1.0 -2.9525 -1.1444
-1.0 -4.9993 -2.4565
1.0 0.31481 -2.4042
-1.0 -1.8235 -1.6172
1.0 2.5549 3.3405
1.0 0.83456 -1.3424
1.0 0.99567 -2.6905
1.0 -0.37169 0.81349
1.0 4.2395 2.5527
-1.0 -4.9653 -1.7053
-1.0 -4.9379 -2.8333
-1.0 -0.87013 -4.2478
1.0 2.2729 -1.3185
1.0 3.6802 4.2807
1.0 2.1675 0.93744
1.0 3.9456 3.3448
1.0 2.3141 -4.6275
-1.0 -2.4963 0.019082
1.0 3.5348 1.8141
1.0 3.0767 -2.4652
-1.0 -2.0427 3.0607
1.0 0.70371 -1.4879
-1.0 -2.0588 -3.1171
1.0 -1.2951 3.8401
-1.0 -2.8715 1.5245
1.0 -1.124 2.914
1.0 1.6826 -4.223
-1.0 -3.3709 1.8934
1.0 3.4267 -3.56
1.0 4.7733 0.56538
1.0 1.3868 -2.0005
1.0 -0.32344 0.66481
-1.0 -0.20769 -3.4137
1.0 3.2788 -4.7192
1.0 3.7831 -3.3381
-1.0 -4.2545 -0.32636
-1.0 -1.874 -3.6544
1.0 0.88273 4.0556
1.0 4.4452 2.1498
1.0 0.0096952 3.1961
1.0 1.3866 2.7843
-1.0 -2.6331 -3.7271
-1.0 -3.3827 -3.564
-1.0 -3.7718 -2.7525
-1.0 -2.3876 1.0957
1.0 4.2364 -1.6351
-1.0 -4.3518 -2.6416
-1.0 -3.0262 -4.1177
1.0 4.4952 3.4093
1.0 -1.2572 2.9358
-1.0 -4.8159 -4.1092
-1.0 -2.5072 -1.4459
-1.0 -4.5664 1.7977
-1.0 -3.652 4.5494
-1.0 0.16471 -4.7403
-1.0 -3.0008 1.1966
1.0 3.6179 2.6574
1.0 0.062764 -0.33126
-1.0 -1.999 -1.9183
1.0 1.2368 2.3614
1.0 2.5339 0.33938
-1.0 -3.6551 -3.4334
1.0 -0.041394 2.5018
-1.0 -2.4859 -4.3757
1.0 4.157 -3.8711
-1.0 -3.099 -2.2893
1.0 0.77409 3.7107
1.0 4.9737 3.9284
1.0 1.1926 -1.6817
-1.0 -3.9987 -4.4741
1.0 0.68177 1.801
-1.0 -4.4655 1.9042
1.0 -1.5834 3.8838
-1.0 -3.1831 -0.86094
1.0 4.1713 0.1226
1.0 1.9143 3.5218
1.0 1.7587 -0.36585
1.0 -0.12482 -1.6215
1.0 3.159 0.49024
1.0 -1.0188 0.83002
1.0 2.7756 0.2315
1.0 2.9259 -3.68
1.0 2.2247 -4.9241
1.0 0.23191 -1.2931
1.0 2.6792 -0.88376
1.0 -0.49615 4.8225
-1.0 1.4438 -4.9641
1.0 3.9716 -1.3407
1.0 3.1376 -3.4594
-1.0 -2.7362 -4.5657
1.0 3.1914 -4.1307
1.0 3.6684 -2.1643
1.0 2.0679 -3.7075
-1.0 -2.854 -1.3969
1.0 0.41097 4.0892
1.0 3.904 1.3492
1.0 4.8001 -2.8169
1.0 -1.6366 2.5419
1.0 4.5679 -2.6464
1.0 4.9721 -1.4526
-1.0 -3.5692 -2.5332
-1.0 -2.4163 -1.1158
-1.0 -3.9806 3.8595
1.0 -0.084936 4.4139
-1.0 -3.3364 -3.6305
-1.0 -1.174 -4.4807
-1.0 0.93469 -4.5783
-1.0 -3.9559 -2.7557
1.0 -1.4918 4.5682
1.0 4.5134 -0.64137
1.0 4.6971 2.5164
1.0 4.2245 0.26472
1.0 -0.20787 -2.0388
1.0 -1.9799 -0.45347
-1.0 -4.0292 4.0397
-1.0 -4.9482 -0.52784
1.0 4.2345 -4.0294
-1.0 -4.2003 4.7782
1.0 4.7703 3.7024
1.0 2.4972 -0.12346
1.0 1.7636 -1.7555
1.0 -0.39139 4.5219
1.0 2.7291 -0.28448
1.0 4.9281 4.6944
1.0 1.4469 2.4248
-1.0 -1.5445 -3.7372
-1.0 -4.6101 -3.8905
1.0 2.6002 1.6484
-1.0 0.1464 -4.294
1.0 1.9493 0.10509
1.0 0.86719 -1.9729
-1.0 -2.5402 3.2573
1.0 -1.4853 4.937
-1.0 -3.0957 1.3122
1.0 2.3764 -4.1323
1.0 3.1471 -3.2611
1.0 -0.7837 -1.4269
-1.0 -2.8984 1.9143
-1.0 -2.7574 0.39031
1.0 4.7623 2.5117
1.0 1.3181 -2.7058
1.0 -0.64924 2.0238
1.0 -1.735 3.9771
1.0 3.8669 -1.1133
1.0 4.5636 -4.3598
-1.0 -3.4618 -2.0112
1.0 0.10504 0.46025
-1.0 -2.0933 -0.96576
1.0 2.5919 2.8124
-1.0 -3.4836 1.6733
-1.0 -4.8818 -4.8383
-1.0 -4.6467 1.269
-1.0 -1.2895 -4.4138
1.0 3.2739 0.30196
-1.0 -2.6987 2.2296
-1.0 -3.3058 -0.42728
1.0 3.9799 -2.0025
1.0 4.2789 -2.4966
-1.0 -3.3208 -3.7612
1.0 3.5575 -1.9024
1.0 3.7024 -3.6417
-1.0 -4.902 1.583
1.0 0.85084 0.14206
1.0 0.098995 4.7154
-1.0 0.74702 -4.6996
1.0 3.2292 -1.0775
1.0 3.5086 -1.2937
1.0 1.4214 1.1158
-1.0 -3.3018 -4.2129
-1.0 -3.847 -1.3301
1.0 1.1238 -3.0239
-1.0 -3.4013 1.0274
-1.0 -3.7359 2.6385
1.0 4.9979 3.1965
1.0 3.5008 3.2706
1.0 2.7291 -1.0685
1.0 2.0995 -0.80113
-1.0 -2.1091 1.7138
-1.0 -2.2734 -1.4752
-1.0 -1.8677 -3.065
1.0 3.6686 -0.90586
-1.0 -2.9105 3.7994
1.0 1.025 -0.33078
1.0 2.3699 2.3022
-1.0 -1.7851 2.177
1.0 -0.59939 3.7749
-1.0 -3.1704 -3.6382
-1.0 -2.3262 -0.3262
1.0 4.524 -2.6563
1.0 3.1633 0.12706
1.0 -0.04286 -0.088864
-1.0 -3.117 4.3479
-1.0 1.3398 -4.6988
1.0 3.9819 -0.63265
-1.0 -2.9318 2.1706
1.0 4.9758 4.8809
1.0 1.0923 -2.4201
1.0 3.9516 -0.30829
1.0 0.80147 0.34001
1.0 3.3419 -0.061825
-1.0 -2.7425 2.7793
-1.0 -3.2664 4.4658
1.0 3.4457 3.2754
-1.0 -1.5083 -4.2607
1.0 -1.0955 -0.023972
1.0 0.50531 4.9774
-1.0 -2.763 -3.9351
-1.0 -3.6661 -1.3346
-1.0 -4.3422 -1.7796
-1.0 -4.3334 -3.0496
1.0 1.6401 -1.4423
-1.0 0.3694 -3.8675
1.0 2.9695 -0.7175
1.0 2.0642 1.2551
1.0 -1.0951 1.7694
1.0 1.2336 3.6791
1.0 2.4294 2.9407
-1.0 -0.76304 -2.5567
-1.0 -3.9773 1.2782
1.0 4.1699 -4.7121
1.0 -0.063696 -0.19062
1.0 3.1171 -0.070372
-1.0 -4.8797 -2.5228
1.0 2.9036 -3.722
-1.0 -3.7092 4.816
1.0 -0.18055 -0.14965
1.0 4.7661 -3.7572
1.0 1.5829 -0.87286
1.0 2.7021 4.898
1.0 1.8861 4.7153
-1.0 -3.1307 3.8703
-1.0 -2.3519 -4.1353
-1.0 -4.6904 -2.9121
1.0 3.5661 4.3095
1.0 2.3143 3.0717
-1.0 -2.9916 -1.549
-1.0 -1.3746 -2.8305
1.0 3.0151 3.8816
1.0 4.4785 1.313
-1.0 -1.7888 -2.4521
1.0 3.6489 1.5073
1.0 2.1954 -3.6464
-1.0 -1.823 -4.0084
-1.0 -3.0209 3.8182
1.0 0.38827 0.20134
-1.0 -2.3509 -1.3573
1.0 2.4129 -3.2081
1.0 2.9164 -4.5798
1.0 1.9527 -4.1476
1.0 4.8436 -2.3001
-1.0 -1.8987 -4.4014
1.0 3.5608 3.6877
-1.0 -2.1574 -0.92939
1.0 2.4567 0.35191
1.0 1.8589 4.4985
-1.0 -3.4301 2.0243
1.0 1.484 -3.8299
1.0 3.867 -3.1303
1.0 4.1053 2.6194
1.0 -1.1932 4.7514
1.0 -1.4106 2.5735
-1.0 -0.60397 -2.6437
-1.0 1.7036 -4.7329
1.0 0.49482 1.3746
1.0 4.576 1.9225
-1.0 -4.0474 -1.467
-1.0 -2.6701 0.3593
-1.0 -2.6778 3.5596
1.0 3.8007 -2.6601
1.0 2.2346 0.00094312
1.0 1.653 2.986
1.0 -1.589 1.2519
1.0 -0.50701 1.4919
-1.0 -2.4091 2.8172
1.0 4.3715 -0.39296
1.0 3.8062 -3.9484
-1.0 -2.3172 -3.1441
-1.0 -1.2959 -3.8271
-1.0 -3.6286 -3.3093
1.0 3.016 -3.5232
1.0 -0.50457 -1.5678
1.0 -0.68474 4.6593
-1.0 -4.0918 -2.7595
1.0 2.0484 -2.0423
1.0 4.4691 -2.0299
1.0 1.3643 1.0356
-1.0 -4.9116 -0.62714
1.0 0.9307 3.1607
-1.0 -3.7853 2.6015
-1.0 -1.3195 -3.2658
1.0 -1.7339 -0.93646
-1.0 -4.7902 0.6144
1.0 0.11686 -1.2576
-1.0 -3.5766 2.4567
-1.0 -2.3813 -2.4568
1.0 3.8051 2.6112
-1.0 -4.6252 2.7887
-1.0 -4.3485 -4.8658
-1.0 -1.6748 -4.8459
-1.0 -4.684 2.4121
-1.0 1.4665 -4.7096
1.0 -0.01701 -1.2005
1.0 1.8798 -4.2316
-1.0 -1.6103 -4.3275
1.0 3.023 -1.5512
1.0 -1.0007 0.28588
-1.0 0.31709 -3.0099
1.0 0.57209 4.5942
1.0 -0.052234 -0.19891
1.0 0.3816 -0.91321
1.0 -1.0247 1.0275
1.0 1.8244 2.1503
1.0 1.137 -2.715
1.0 1.887 3.2271
1.0 3.4016 -0.49333
-1.0 -0.5363 -4.216
1.0 4.9916 0.84948
-1.0 -4.0305 4.8031
-1.0 -0.58739 -4.728
1.0 3.7677 3.1767
1.0 -1.1861 0.75649
1.0 4.0264 -3.8374
1.0 1.9423 -3.0478
-1.0 -4.2809 4.369
-1.0 -2.8349 -0.74583
1.0 1.5897 0.89625
1.0 3.8454 4.3658
-1.0 -2.9131 0.016976
-1.0 -2.2929 1.3415
1.0 3.6243 -1.7466
-1.0 -2.7223 -1.0278
1.0 3.1302 0.25708
1.0 3.6086 -0.63765
-1.0 0.85116 -3.401
1.0 1.6324 2.4495
1.0 3.3908 1.0882
-1.0 -3.4633 -3.9303
1.0 0.37513 -1.3513
1.0 2.2196 -3.1054
-1.0 -2.3398 0.029153
1.0 2.1083 4.4213
-1.0 0.36992 -4.4554
-1.0 1.0392 -3.7394
1.0 3.6217 2.8982
1.0 4.9877 4.6545
-1.0 -4.4993 -1.3841
1.0 2.5453 -3.9655
-1.0 0.61092 -2.9883
1.0 4.9868 -0.69443
1.0 -0.85631 1.8374
1.0 1.6783 -3.3302
-1.0 -2.5201 -1.3364
-1.0 -3.0472 1.8048
-1.0 -2.8028 1.3772
1.0 3.9437 4.6158
-1.0 -4.7841 3.7638
1.0 -1.0609 4.4326
1.0 3.3941 -2.5011
1.0 0.56222 3.7482
1.0 4.3215 -3.0275
-1.0 0.2444 -3.0098
1.0 -1.1777 2.4402
1.0 3.6707 1.928
1.0 4.8792 -1.1994
1.0 2.2985 2.292
-1.0 -4.1696 2.5547
1.0 1.4104 1.1468
-1.0 -0.49411 -3.221
-1.0 -4.6422 -0.67367
1.0 3.0141 -4.0919
1.0 2.667 -0.84709
-1.0 -4.3809 -1.8946
1.0 1.1748 -0.60049
1.0 1.016 -1.386
1.0 2.4393 -0.45578
1.0 2.3762 3.0905
1.0 3.7386 -0.45547
1.0 -0.63194 2.0815
-1.0 -2.8826 3.5455
1.0 -1.7496 4.8155
1.0 -1.046 4.3381
1.0 2.3821 -3.6218
1.0 3.4566 -3.6294
-1.0 -3.7748 -3.4141
1.0 1.9965 -4.3061
1.0 1.1219 2.3317
1.0 2.4839 -1.69
1.0 -1.8229 -0.099169
1.0 1.1364 1.6252
1.0 0.66067 4.6965
1.0 2.2679 1.5612
-1.0 -3.5955 -3.8459
1.0 1.4514 -3.7163
1.0 3.024 -1.6016
-1.0 -4.8038 0.66544
1.0 1.4766 3.3896
1.0 4.1041 -3.0956
1.0 4.659 2.375
-1.0 -3.5515 -3.5124
1.0 1.6688 -2.2141
-1.0 -3.8886 1.7345
-1.0 -1.5908 -3.8321
-1.0 -4.5638 3.9026
1.0 4.1978 -3.9062
1.0 0.4702 -1.223
1.0 2.2391 2.9495
1.0 -0.74107 0.55425
-1.0 -2.3986 2.7464
-1.0 -4.3415 3.8196
-1.0 -3.1334 -0.16518
1.0 3.3159 1.0418
-1.0 -2.5038 3.8712
-1.0 -4.0426 -0.99064
1.0 1.9475 -0.55786
1.0 -0.50939 0.24367
1.0 0.80688 2.7479
1.0 -1.1821 2.6077
1.0 2.388 4.3507
1.0 -0.51494 4.811
1.0 2.4874 -1.3062
1.0 2.052 2.1833
-1.0 -2.3081 2.3209
1.0 0.5401 1.3418
1.0 2.6827 -2.0176
-1.0 -3.7612 -1.999
-1.0 -4.8062 3.0001
1.0 -0.13834 -0.036768
-1.0 -4.9728 4.7179
-1.0 -0.14791 -4.1551
1.0 -1.3637 1.8638
1.0 0.97408 1.3899
-1.0 -0.4383 -4.5496
1.0 3.2693 0.58882
1.0 -1.1234 2.0122
1.0 0.57401 3.4884
1.0 4.0629 -4.3033
1.0 4.0933 -3.3378
1.0 0.46528 0.24253
-1.0 -2.6012 -4.6332
1.0 -1.3548 -0.99212
1.0 2.5549 -3.9575
1.0 4.79 -3.3141
1.0 -0.35323 -1.1309
1.0 3.4239 -3.8582
1.0 -0.59962 0.61111
-1.0 -4.0642 -3.4334
-1.0 -2.6104 -2.8812
1.0 -1.2449 -0.35256
1.0 2.7347 3.7855
-1.0 -4.1531 -2.6346
1.0 3.6462 3.9112
-1.0 -1.2437 -3.8735
1.0 2.8313 -2.4007
-1.0 -2.8514 2.9681
1.0 1.4859 -3.8092
1.0 2.3219 -1.1426
1.0 -0.71562 3.5261
-1.0 -2.5425 -0.42475
1.0 4.2831 3.0807
1.0 -1.4563 3.9949
-1.0 -3.8937 -1.6389
1.0 1.0228 -1.8556
-1.0 0.58123 -3.4639
1.0 -0.32623 0.3098
-1.0 -4.2834 2.509
1.0 0.15892 -2.0635
-1.0 -3.7344 -2.4851
-1.0 -3.8144 -2.4821
1.0 0.18866 2.2844
1.0 3.6958 1.7612
-1.0 -1.9251 -2.0195
1.0 -1.9984 0.44506
-1.0 -2.3855 -4.1263
-1.0 -4.0676 -4.3695
1.0 -0.92867 1.8551
1.0 0.86663 1.8217
1.0 0.42937 2.3817
-1.0 0.51931 -4.0943
-1.0 -4.1224 -1.0064
-1.0 -3.6919 4.1096
1.0 4.9408 -3.3055
1.0 0.63762 -2.1396
-1.0 -2.3703 0.15897
-1.0 -3.3236 1.9656
1.0 0.78057 -0.0092778
-1.0 -1.6641 -3.6182
1.0 0.42919 2.9586
-1.0 -1.8437 -1.4683
-1.0 -1.3449 -3.8829
1.0 -1.5181 1.5816
-1.0 -3.5014 -0.50124
1.0 4.1179 1.467
1.0 3.1306 4.364
1.0 4.6026 3.3687
-1.0 -0.65941 -2.2532
1.0 -1.3184 0.33869
1.0 2.0349 3.8222
1.0 2.4725 -0.2899
1.0 2.2929 -3.2111
-1.0 -2.4501 0.4571
1.0 -0.17887 0.17339
1.0 0.89866 -2.8021
-1.0 -4.2353 0.98515
1.0 0.88778 -2.0345
1.0 1.0691 -1.7761
1.0 -0.73639 -0.31018
1.0 0.37269 3.1457
-1.0 -4.0263 1.9649
-1.0 -4.8654 1.9911
-1.0 -4.2224 -3.0969
1.0 -0.78009 4.2148
1.0 1.2665 -2.8675
-1.0 -3.8114 3.6816
-1.0 -3.6231 4.503
1.0 -0.23172 -0.59394
-1.0 -3.9611 -1.7314
-1.0 -3.5369 0.79139
1.0 2.5018 -2.4056
1.0 3.6967 1.3321
-1.0 -3.4417 -0.091611
1.0 3.6016 -1.4033
1.0 -0.56004 3.9606
1.0 -1.7727 0.57908
-1.0 -2.7144 -3.9885
1.0 -1.5668 4.5536
1.0 3.1084 0.10702
1.0 -1.3293 1.2863
1.0 0.32239 -2.0777
-1.0 -0.63932 -2.8504
1.0 3.2838 0.74394
1.0 -1.0182 0.72927
1.0 -0.92998 -1.1434
1.0 3.1714 -4.9738
1.0 2.3318 -1.1612
-1.0 -3.7373 -1.1337
-1.0 -2.8293 -0.65
-1.0 -4.2271 -1.4755
-1.0 -2.9995 -4.0695
-1.0 -2.4212 -2.559
1.0 -0.50826 3.4464
1.0 2.2003 -2.1839
-1.0 -3.745 -3.399
-1.0 -3.7553 -4.1368
-1.0 -4.8048 -3.2267
1.0 1.1423 -2.952
-1.0 -2.7039 0.89259
-1.0 -2.8036 2.4651
1.0 1.5493 1.292
1.0 1.1669 0.72321
-1.0 -1.7853 -2.7319
-1.0 -4.5731 0.32868
1.0 -0.8481 -0.03336
1.0 2.1717 -1.0711
-1.0 -1.8325 1.9796
1.0 1.8101 2.0668
1.0 2.0419 3.227
-1.0 -3.8821 0.26929
-1.0 -4.2734 2.028
1.0 1.5511 1.513
1.0 1.9555 4.3613
1.0 2.0333 -2.4531
1.0 1.3128 0.51681
1.0 0.41141 2.327
-1.0 -2.7377 -0.18339
1.0 2.3951 0.1642
1.0 2.1285 4.8029
1.0 3.1254 2.9204
-1.0 -4.4258 3.9462
1.0 4.2193 2.6902
-1.0 -4.3565 3.3225
-1.0 -4.9832 0.88267
1.0 2.525 -0.82564
-1.0 0.59633 -4.7681
-1.0 -3.0841 0.49321
1.0 4.9419 4.5998
-1.0 -2.0254 -3.5239
1.0 4.8506 -0.95853
1.0 4.6177 3.6233
1.0 1.2726 -0.16635
1.0 2.0596 -2.7384
-1.0 0.26816 -4.7872
-1.0 -4.0627 -3.0803
-1.0 -3.3541 2.5556
-1.0 -2.3716 -2.4076
-1.0 -2.6845 -1.6067
-1.0 -2.0363 3.6925
1.0 4.7847 4.2932
1.0 3.0654 1.7065
1.0 1.9385 1.2276
1.0 -0.33504 4.4355
1.0 -0.27635 0.92121
1.0 3.3091 4.5579
1.0 4.7406 1.1145
1.0 -1.5239 -1.2587
1.0 0.23071 -1.6202
1.0 2.3926 1.9293
-1.0 -4.5484 2.0274
-1.0 -0.71248 -4.0555
-1.0 -1.8233 -1.4582
1.0 -0.057393 -1.4388
-1.0 -1.4641 -1.4681
1.0 2.6418 4.719
1.0 -1.3438 2.9543
1.0 3.3015 3.5009
1.0 3.9884 -0.9307
-1.0 -0.67237 -2.6554
-1.0 -0.18223 -2.2929
-1.0 1.1174 -4.9405
1.0 2.9422 -0.062612
1.0 3.3608 0.89773
1.0 4.2495 3.385
1.0 4.5402 4.3568
1.0 -1.5456 3.9558
-1.0 0.417 -2.5982
-1.0 -3.9915 -1.1639
1.0 -0.62349 4.5379
1.0 4.0169 -2.0052
1.0 -0.23724 -0.13926
1.0 3.4116 4.4786
1.0 4.3431 -3.2859
1.0 0.77482 3.5587
-1.0 -3.8806 0.47498
1.0 2.5668 4.3408
1.0 2.9903 -2.6019
1.0 -0.015261 2.2804
-1.0 -2.4179 -2.8129
-1.0 -2.007 -2.5236
-1.0 -2.531 -0.64705
-1.0 -0.68582 -3.6475
1.0 2.7569 -2.1171
-1.0 0.98753 -3.732
1.0 0.12764 4.991
-1.0 -1.6404 -2.5076
-1.0 -2.4389 -0.25875
-1.0 -3.5246 -2.2252
1.0 4.5279 1.9692
-1.0 -3.1876 2.2695
-1.0 -2.876 4.5842
1.0 1.6636 0.95908
1.0 2.7015 -0.011788
-1.0 -2.4527 2.4719
1.0 3.3978 -3.3749
1.0 4.9591 -2.0749
1.0 -0.95799 -0.08957
1.0 4.2685 4.3475
-1.0 -4.7321 -0.56968
1.0 4.3929 -1.9643
1.0 2.2575 3.1638
1.0 4.9809 -2.3211
-1.0 -0.66371 -2.222
-1.0 -0.35671 -4.1948
-1.0 -0.016655 -4.3572
-1.0 -1.5392 -3.459
-1.0 0.69218 -3.6395
1.0 -1.6738 1.8327
1.0 3.2401 -4.2485
-1.0 0.25107 -3.7304
1.0 4.0661 -1.6689
-1.0 -1.4456 -2.2926
-1.0 -4.1962 -4.1217
-1.0 -3.5462 -0.68762
1.0 3.7624 2.0027
1.0 -0.097479 2.6412
1.0 4.0014 -0.93874
-1.0 -3.1262 -0.75265
1.0 0.078675 3.6207
-1.0 -4.2997 -3.3808
-1.0 -2.6192 4.732
1.0 -0.7314 2.3217
-1.0 -3.1108 1.7645
1.0 2.1777 3.9669
-1.0 -3.6784 -2.9947
-1.0 -2.3585 -2.4211
1.0 -0.58628 2.3753
1.0 -1.6214 4.3235
1.0 -0.084152 0.52417
1.0 1.2675 1.417
1.0 4.6446 4.8278
1.0 0.053141 3.3175
-1.0 -2.1205 -4.2126
-1.0 -1.2052 -3.1676
-1.0 -1.1073 -4.9315
1.0 4.4446 1.6453
1.0 -0.98346 0.27155
1.0 -1.3439 -1.0962
1.0 0.52205 -0.40291
1.0 2.2984 -1.4413
-1.0 -4.351 0.54075
1.0 1.7897 -2.7146
-1.0 -3.1568 -0.68143
1.0 -1.8932 -0.1642
1.0 2.586 -3.7928
-1.0 -4.3465 1.3703
1.0 3.5684 4.3167
-1.0 -0.87443 -4.5853
1.0 3.9355 -0.68179
-1.0 -3.4316 -1.985
-1.0 -2.5035 1.5844
1.0 2.3298 1.4971
1.0 1.3766 4.5173
1.0 4.1591 3.0657
-1.0 -2.2506 -2.869
1.0 -2.0347 3.9351
1.0 0.66514 -2.0426
-1.0 -1.9327 -1.9607
-1.0 -0.22103 -4.7475
1.0 4.1998 -4.0902
-1.0 -3.7438 -3.4951
1.0 4.0993 3.7473
1.0 -0.87103 3.2461
1.0 4.0577 3.0279
-1.0 -3.2419 -4.5034
-1.0 -3.4176 0.46419
1.0 3.2736 -0.17144
1.0 -0.2445 -0.082979
1.0 0.30112 -0.7058
1.0 2.4786 4.4744
-1.0 0.19856 -3.4688
1.0 3.4661 -1.2167
-1.0 -4.6379 -0.69777
-1.0 -3.8328 0.003779
1.0 0.067732 -1.4113
1.0 -1.3125 2.2132
-1.0 -3.3128 0.63709
1.0 2.9066 -2.1984
-1.0 -3.8007 -4.9155
-1.0 -0.18056 -4.5294
-1.0 -4.0432 -1.4653
1.0 0.92728 -2.1897
1.0 -1.3753 0.65031
1.0 4.0606 0.51122
1.0 1.1421 -1.951
-1.0 -4.8675 -1.4172
1.0 0.64171 4.3905
-1.0 -1.6649 -1.2853
1.0 2.6669 -3.9646
1.0 0.94003 4.5414
1.0 1.2075 4.9896
-1.0 -4.984 -4.4391
1.0 1.8898 -0.6198
-1.0 -3.4868 -4.235
-1.0 -3.6776 4.6293
-1.0 -2.9748 4.8601
1.0 2.125 2.6425
1.0 -0.45007 0.20809
1.0 0.12203 1.2571
-1.0 -1.7784 -4.4799
1.0 3.7824 1.8562
1.0 1.2381 3.8999
1.0 1.2358 -1.3976
1.0 4.3723 3.3419
-1.0 -1.2616 -1.638
1.0 4.2291 -3.9429
-1.0 -3.1694 1.3931
1.0 2.2013 -0.46011
1.0 4.6433 -3.1209
-1.0 -2.105 -4.0569
-1.0 -2.6982 4.6399
1.0 2.8934 0.27487
1.0 2.3368 1.6744
-1.0 -3.5208 -3.9158
1.0 -1.1551 2.7485
1.0 3.2475 -4.3746
1.0 2.2571 4.4381
1.0 1.7119 -2.5937
-1.0 -3.7513 4.4824
1.0 4.876 -1.4153
1.0 4.9573 1.1895
1.0 4.5436 1.0189
-1.0 -3.2572 -2.7812
-1.0 -4.9179 1.7655
1.0 2.5684 4.2767
-1.0 -2.2703 2.7446
-1.0 -4.4895 0.65128
-1.0 -3.1357 -2.9239
1.0 2.7757 4.2963
-1.0 -4.5314 1.8363
1.0 0.5362 -0.90956
1.0 4.6252 3.5724
1.0 2.3854 2.0097
1.0 3.9462 -3.8693
1.0 4.9563 -4.1627
1.0 0.079394 1.0792
-1.0 -1.6891 -1.8701
1.0 -0.43166 0.65912
-1.0 -3.963 4.9771
1.0 -0.099694 2.3432
1.0 4.0337 1.2411
1.0 -1.9413 1.1143
-1.0 -3.5263 0.72846
1.0 3.2641 0.61618
-1.0 -3.9393 -3.3641
1.0 4.2495 2.4685
1.0 4.2127 -1.8915
1.0 2.5075 0.099121
-1.0 -2.6831 2.0541
-1.0 -2.1018 -2.7401
1.0 4.6309 -4.8263
-1.0 0.67119 -3.0001
1.0 2.0374 -2.8113
-1.0 0.61427 -4.4453
1.0 -0.34752 -1.3684
1.0 2.3684 -1.2593
1.0 2.8246 0.031589
1.0 0.15766 0.44904
-1.0 -3.0332 -0.8474
-1.0 -2.0917 -4.2375
-1.0 -4.239 -3.3116
1.0 -1.171 -0.93212
1.0 1.5437 4.6282
1.0 2.2702 -2.2702
-1.0 -3.1653 -0.44772
-1.0 -2.9573 -2.6979
-1.0 -4.4511 -0.48142
-1.0 -3.325 2.9524
-1.0 -1.6625 -3.4678
-1.0 -4.171 -2.3344
1.0 0.14795 0.72791
-1.0 0.35995 -2.5527
1.0 2.7555 4.1967
-1.0 -0.26221 -4.3758
1.0 -0.34973 0.1822
1.0 4.225 -4.9712
1.0 3.7443 -0.35974
1.0 4.9403 0.64572
-1.0 -4.437 -4.3075
1.0 4.0677 -2.6359
-1.0 -2.761 -0.99992
1.0 2.9246 1.0922
-1.0 -4.7143 3.9745
-1.0 -3.2362 2.1003
1.0 1.8078 -2.4821
1.0 4.8358 1.3006
1.0 0.024328 2.4053
-1.0 1.0583 -3.3809
1.0 3.2918 3.0942
1.0 1.7301 -3.9167
1.0 2.4979 -2.2175
1.0 -1.3123 0.62236
1.0 0.14668 1.7166
1.0 2.7357 -2.6895
1.0 3.4131 0.12808
1.0 1.8365 4.2952
1.0 1.2908 -0.12893
-1.0 -2.4773 -0.51625
-1.0 -0.83761 -4.346
-1.0 -4.4176 -1.3501
1.0 4.2961 -0.067822
1.0 3.0419 1.2911
-1.0 -0.6846 -2.2821
1.0 4.9256 1.6501
1.0 1.7361 3.2486
1.0 4.2041 -0.29959
1.0 1.6037 -0.51088
-1.0 -2.5264 1.3014
1.0 2.4635 -0.54034
1.0 2.059 2.954
1.0 -0.034867 4.6035
1.0 2.6122 -1.8022
1.0 0.27039 -0.4715
-1.0 -4.1848 -2.1159
-1.0 -2.9348 -3.1916
1.0 0.68413 0.81765
-1.0 -4.9026 0.84418
1.0 2.2346 0.60328
1.0 4.9595 2.6205
1.0 4.1422 -0.94445
1.0 3.3342 0.036783
-1.0 -4.4121 1.4034
1.0 2.6587 -4.454
-1.0 -1.7239 -1.6501
-1.0 -4.1975 -4.8453
1.0 2.0716 4.9313
-1.0 -2.4769 -4.7362
1.0 1.773 4.2395
1.0 3.1529 3.166
1.0 -1.7377 3.1436
1.0 -1.1944 4.5031
1.0 -0.95219 3.0109
-1.0 -0.64324 -4.6232
1.0 -2.1155 -0.20565
-1.0 -2.6932 1.1987
-1.0 -2.8799 2.8742
1.0 2.7594 -2.5103
1.0 3.9931 1.7432
1.0 2.2827 -1.9347
-1.0 -3.9236 -2.0907
1.0 3.3505 0.16806
1.0 2.6991 3.8002
1.0 3.424 -1.3667
-1.0 -3.6393 3.3132
1.0 -1.3963 -0.037416
1.0 0.33398 -0.08937
1.0 2.8224 -2.2981
1.0 3.8381 4.2085
1.0 -1.2048 2.1255
1.0 -0.61752 0.80469
-1.0 -4.696 -3.0485
1.0 4.1628 -4.0512
1.0 0.78868 1.1871
1.0 2.3352 2.4181
1.0 1.7032 -3.1651
-1.0 -4.9742 -3.7092
1.0 -0.89578 -1.2794
1.0 4.8936 -2.0688
-1.0 -4.7582 1.5222
-1.0 -2.897 -4.8624
1.0 1.7895 -2.8861
1.0 0.54254 2.6375
1.0 0.61959 1.1495
1.0 -0.70571 -0.93675
-1.0 -3.0307 1.7992
-1.0 -1.0388 -1.6821
1.0 1.25 3.831
-1.0 -1.0111 -2.0772
1.0 1.7023 3.2743
-1.0 -2.5218 4.1291
1.0 3.6886 4.3133
1.0 0.14756 2.6295
1.0 3.1963 1.1884
1.0 2.1453 -2.0535
1.0 -0.18722 -1.6786
1.0 2.5089 -0.014878
-1.0 1.1025 -3.5272
1.0 4.6343 -3.9415
1.0 3.4748 2.1717
-1.0 -1.9174 2.0277
-1.0 -2.9718 -0.8276
-1.0 -1.6017 -1.8733
1.0 1.5274 3.4464
-1.0 0.79744 -3.2457
1.0 2.1594 -0.24561
-1.0 -3.8739 -4.9687
1.0 3.8934 2.6777
1.0 2.0392 -2.2954
1.0 3.3741 0.76217
-1.0 -3.0679 -0.82823
-1.0 -2.4252 1.3644
-1.0 -4.621 -0.54485
-1.0 -3.1088 0.38662
-1.0 0.44797 -4.407
-1.0 -4.6981 0.75501
1.0 3.1801 4.351
-1.0 -2.6805 3.8583
-1.0 -2.8248 -3.6098
1.0 0.028342 -0.51614
-1.0 -1.1876 -2.2689
-1.0 -3.1894 3.6514
1.0 0.40797 -0.24462
-1.0 -3.0023 1.8442
-1.0 -4.943 1.7947
1.0 4.8548 2.6029
1.0 -1.0729 0.84658
1.0 2.8452 0.99492
-1.0 -4.4631 2.2996
1.0 -0.14527 0.12437
1.0 0.52779 3.9158
-1.0 -2.8315 3.8167
1.0 0.70871 2.6743
1.0 1.9522 -1.5813
1.0 3.8059 2.7796
-1.0 -4.4228 -1.6358
1.0 1.7708 -3.407
-1.0 0.45417 -4.5494
1.0 4.3571 0.089518
1.0 4.6999 -2.9455
1.0 -2.0764 4.7359
-1.0 -4.7497 0.171
1.0 4.3085 3.5878
-1.0 -0.33404 -3.8816
1.0 3.8353 0.59758
1.0 3.9477 -3.089
-1.0 -2.0322 -4.8803
1.0 0.50632 1.1691
1.0 4.9404 -2.2526
1.0 0.49959 -1.0678
1.0 1.854 -3.8232
1.0 3.2826 -1.1537
1.0 2.6616 -4.2032
1.0 4.6698 -2.6391
-1.0 -3.0548 2.1045
1.0 4.5769 -0.49438
-1.0 -4.0241 -1.205
1.0 4.4945 -4.4735
1.0 -0.94155 3.7403
1.0 1.9305 0.87184
1.0 3.9831 -4.5407
-1.0 -2.6721 -2.5299
-1.0 -3.2718 0.4806
-1.0 -3.2847 -4.14
1.0 3.4296 -0.27554
-1.0 -2.7267 1.3414
1.0 2.1801 -0.47421
1.0 -0.031716 0.8909
-1.0 -2.67 -2.2702
-1.0 -3.9157 2.7677
-1.0 -3.9801 4.2436
1.0 -1.4845 1.7335
1.0 1.6754 3.0662
1.0 4.5084 3.4529
-1.0 -1.6767 -2.7279
1.0 4.3991 4.3686
1.0 3.5425 -0.72605
1.0 -1.8068 -0.67955
-1.0 -3.3869 0.25775
1.0 1.6894 -0.96372
-1.0 -4.7982 -4.0151
1.0 3.416 -3.434
1.0 2.0782 -1.1445
1.0 4.6188 0.62163
1.0 2.7059 2.2451
1.0 1.1479 1.839
-1.0 -3.6302 -0.78357
1.0 2.7711 -1.5172
1.0 1.3516 2.2186
1.0 -1.4118 1.8052
1.0 2.8733 -0.54537
-1.0 -2.002 -2.3594
-1.0 -2.7109 2.3847
-1.0 -3.2282 -3.5075
-1.0 -2.4037 -3.0961
-1.0 -1.8852 3.3006
-1.0 -2.0638 -3.1379
1.0 4.9847 -0.77056
1.0 -0.62329 2.8015
1.0 1.4566 -0.48671
1.0 0.74184 3.2661
1.0 4.1242 -4.9867
1.0 4.9009 4.3336
1.0 0.66412 3.0523
1.0 -1.269 -0.45362
1.0 2.1312 3.0673
-1.0 -4.7979 -4.287
1.0 2.7405 -0.85561
-1.0 -1.6695 -3.2454
1.0 -0.20558 -1.0283
-1.0 -4.2141 -1.0292
-1.0 -4.333 0.57126
-1.0 -3.7001 -0.285
1.0 -1.6912 2.2279
-1.0 -1.9541 -3.6589
-1.0 1.1114 -4.4218
1.0 -1.6878 0.28078
1.0 3.084 4.7309
1.0 4.1629 1.4685
-1.0 -4.4149 2.6027
-1.0 -1.9306 -4.4323
1.0 3.6934 4.0956
1.0 -0.72796 3.6222
1.0 -1.5482 2.5164
1.0 0.35101 -0.7566
-1.0 -4.138 -0.75234
1.0 2.8147 1.4747
1.0 2.5138 3.2592
1.0 0.93925 -2.517
-1.0 -3.7668 2.6766
-1.0 -3.1414 4.6387
-1.0 -2.6068 -2.5253
1.0 3.7856 0.20332
1.0 1.1658 4.4575
1.0 4.5554 3.8872
1.0 4.5106 -2.9332
1.0 0.38822 1.4985
-1.0 -3.2698 0.46203
-1.0 -1.7439 2.6915
1.0 3.8576 2.7706
1.0 -0.70033 0.24431
1.0 2.1333 -0.047243
1.0 -0.99036 -0.57647
-1.0 -3.719 0.64368
1.0 3.1735 0.27328
1.0 2.3361 -0.65791
1.0 0.15577 2.2892
1.0 4.1029 2.0944
1.0 3.0676 -0.41545
1.0 -0.093761 3.3695
1.0 -2.1627 4.888
-1.0 -1.9076 -4.4798
-1.0 -4.5292 1.7481
1.0 3.8814 1.4795
-1.0 -2.6815 -2.4191
1.0 1.2878 -0.63383
1.0 1.0532 4.8996
-1.0 -3.8806 -1.5669
-1.0 -0.58074 -4.0788
1.0 1.9963 1.4357
1.0 -1.8169 1.2436
1.0 2.1435 -0.59559
1.0 1.163 0.18952
1.0 -0.36645 0.61386
-1.0 -2.5195 0.69244
1.0 3.8249 1.6998
1.0 4.6586 2.7209
-1.0 0.64353 -4.651
-1.0 -2.2559 -3.324
1.0 0.21322 4.1792
-1.0 -3.493 -2.6432
-1.0 -2.1297 1.7247
-1.0 -4.4894 -1.8298
1.0 1.4709 1.2373
1.0 -0.17392 3.5687
1.0 4.457 -0.99457
1.0 -0.77655 0.40091
-1.0 -4.525 4.3301
-1.0 -3.5302 -2.0236
1.0 4.1327 -2.333
1.0 3.8576 3.312
1.0 2.0559 3.7688
1.0 1.7016 2.0673
1.0 -0.44397 2.2632
-1.0 -2.5941 1.3546
1.0 4.9221 1.4393
-1.0 -1.8823 -1.4186
1.0 -0.76174 -1.3033
-1.0 -3.4269 -4.5213
1.0 2.8928 -4.835
1.0 -1.4446 0.56332
-1.0 -4.7888 -0.47514
1.0 -0.31942 2.0486
1.0 2.7739 1.7797
1.0 2.4731 -2.4523
1.0 3.4395 -0.070921
1.0 3.0663 -3.3812
1.0 -1.5059 4.5537
-1.0 -0.32667 -2.9686
1.0 4.4652 -3.3731
-1.0 -1.1584 -2.5036
1.0 0.20896 1.938
1.0 -0.57233 4.8652
1.0 -1.8355 -0.10291
1.0 3.9759 3.5172
1.0 2.6217 -0.27097
-1.0 0.11711 -4.3161
-1.0 -2.8562 -2.3994
-1.0 -4.591 -3.5924
-1.0 -2.7178 3.9067
-1.0 -4.6285 2.2051
-1.0 -0.66582 -2.1734
1.0 0.045891 -1.2262
1.0 -0.70235 3.5518
-1.0 -3.3222 -0.1401
-1.0 -2.1482 3.4438
1.0 3.212 -0.42291
1.0 2.8543 -1.2794
-1.0 -3.3908 -3.8184
1.0 1.186 -2.8019
1.0 4.639 -0.19504
1.0 4.2174 -4.7296
1.0 2.7692 3.1038
-1.0 -3.0721 2.3883
1.0 4.1193 -0.18887
1.0 2.8627 -4.4906
-1.0 -2.4354 -2.7234
1.0 -0.7054 -0.16783
1.0 0.42542 3.0483
-1.0 -2.9122 2.6873
-1.0 1.4953 -4.6071
1.0 4.8687 -4.0487
1.0 0.20891 -0.027485
1.0 1.2092 1.9358
-1.0 -1.9139 -2.7649
1.0 -1.1741 0.92956
1.0 4.8153 -1.5344
1.0 -1.4758 1.2172
1.0 0.50461 0.34857
1.0 -0.069088 3.5738
-1.0 -3.3411 -2.924
-1.0 -2.9572 -2.4441
1.0 4.1931 0.080904
-1.0 -2.7192 3.288
1.0 0.4389 0.78091
1.0 4.0333 -3.4435
1.0 0.59782 3.8277
-1.0 -4.2538 2.3618
-1.0 -2.7728 4.5443
1.0 3.1568 -3.0082
1.0 4.4252 0.24312
-1.0 -3.6512 0.46444
1.0 1.2387 -3.3514
-1.0 -3.9279 -3.7491
1.0 0.82191 1.2412
1.0 4.3604 -0.048186
-1.0 -0.69572 -3.3477
1.0 3.7134 3.8031
1.0 2.7289 -2.094
-1.0 -4.7504 -0.16637
1.0 0.23952 0.44006
1.0 -0.39751 0.87972
-1.0 0.35486 -4.1676
1.0 -1.6791 -0.99612
1.0 4.9722 -0.9897
1.0 2.363 -3.8836
1.0 0.63084 1.7248
-1.0 -4.0141 -0.47791
-1.0 -3.9608 -4.6804
-1.0 -2.1274 2.0906
1.0 2.6087 -0.28261
-1.0 -3.5792 2.2652
-1.0 -4.9072 -2.385
1.0 1.9773 -3.9962
1.0 2.4337 2.389
1.0 3.6688 -4.9899
1.0 3.47 4.2783
-1.0 -4.7892 2.1884
-1.0 -1.549 -1.3243
1.0 -0.26197 -1.9044
-1.0 -2.2063 4.2137
1.0 -1.6135 1.5893
-1.0 -0.029342 -2.5189
1.0 4.6464 -0.84274
-1.0 -3.9166 -1.2788
-1.0 -2.4779 3.3436
1.0 2.2807 4.8175
1.0 1.3428 2.7132
1.0 3.8342 -4.7077
-1.0 -2.2763 -0.2533
-1.0 -2.6403 -4.6009
1.0 -1.4506 0.97991
1.0 2.1945 -2.3285
-1.0 -0.82247 -2.9295
1.0 3.7877 -2.464
1.0 -1.3811 3.5
-1.0 -1.1225 -1.9507
1.0 0.90977 2.8762
1.0 1.8357 -2.949
-1.0 -4.5298 4.7411
1.0 -0.45794 2.4535
1.0 -1.5137 0.60415
-1.0 -2.5559 2.3395
1.0 -0.93917 2.9837
1.0 -0.23351 -0.67622
-1.0 0.15073 -3.1991
-1.0 -2.5832 3.1333
-1.0 0.40571 -3.9813
-1.0 -1.6943 -2.5515
-1.0 -4.9095 0.1665
1.0 3.6254 2.8261
-1.0 -1.8495 -3.8261
1.0 0.89495 -2.6801
-1.0 -1.2349 -3.1615
-1.0 -4.2073 -4.4582
1.0 3.7783 4.5873
-1.0 -3.3921 -0.62863
1.0 2.9755 -0.24524
1.0 -0.89996 1.8086
1.0 1.8821 -1.4623
1.0 1.3979 2.0514
-1.0 -2.7793 1.9097
-1.0 -3.9358 4.5658
-1.0 0.34677 -4.8094
1.0 -1.443 3.0468
-1.0 -2.3655 3.2046
1.0 1.9297 -2.5698
1.0 3.9939 3.022
-1.0 -3.1353 4.6503
1.0 3.248 -3.1008
1.0 4.2076 -3.2247
1.0 2.9769 1.9779
-1.0 -3.736 3.4595
1.0 1.9512 -2.1776
1.0 -0.51503 0.23232
-1.0 0.83401 -4.2093
1.0 2.3316 -1.8468
1.0 3.401 -1.1426
-1.0 -1.4204 -1.773
1.0 2.0983 2.1999
-1.0 -4.9205 -1.6061
-1.0 -2.2473 1.5192
1.0 3.933 -2.2794
1.0 4.524 -2.2969
-1.0 -0.99204 -3.5434
1.0 4.2453 0.0090223
1.0 2.2416 2.6293
-1.0 -1.011 -2.1979
-1.0 -1.1951 -1.7021
-1.0 -3.2186 3.3826
1.0 1.7125 -0.97371
1.0 -0.28376 2.4439
-1.0 -4.7127 0.759
1.0 0.82458 1.3016
-1.0 -4.5317 -1.2332
1.0 0.81446 -1.8336
-1.0 -1.7175 -3.3611
1.0 4.2257 0.4417
-1.0 -3.8335 -4.7665
1.0 3.9786 -0.27748
1.0 2.9604 1.0397
1.0 3.1654 1.4826
1.0 4.973 4.7896
1.0 3.4995 -2.1054
1.0 1.8353 -3.9784
-1.0 -4.9554 3.5763
1.0 4.1963 -1.8988
1.0 -1.1775 3.328
1.0 2.0133 -1.558
-1.0 -2.1201 -3.6728
-1.0 -2.8068 0.23451
1.0 4.3557 1.6988
-1.0 -1.0788 -2.2917
-1.0 -4.3735 -1.1644
1.0 2.8739 -2.386
-1.0 -2.4476 1.1576
-1.0 -0.71791 -4.8426
-1.0 1.1117 -3.9914
1.0 4.8226 4.5962
1.0 -2.1388 0.20167
1.0 0.84968 -1.7905
1.0 -0.15211 -0.90367
-1.0 -0.35695 -4.1892
1.0 0.56798 4.0576
1.0 0.46587 3.81
1.0 -1.6671 0.54642
-1.0 -4.4058 -1.9365
-1.0 -3.2519 4.0424
-1.0 -0.85271 -2.7019
1.0 -1.4384 1.1158
1.0 2.6557 -3.4921
1.0 0.48324 -1.8081
1.0 3.3435 -1.9453
-1.0 -4.1021 2.8301
-1.0 -4.9461 0.65515
1.0 2.825 -0.66002
-1.0 -0.32091 -2.9543
1.0 4.1878 -3.1087
1.0 0.59837 1.9346
1.0 0.84221 -2.8915
-1.0 -3.7703 -4.0618
-1.0 -2.0544 -2.691
1.0 4.8965 4.8668
-1.0 -2.7087 2.4276
1.0 -1.0439 2.3345
-1.0 -2.049 -1.4014
1.0 0.85482 -1.078
-1.0 -2.1867 -1.7556
-1.0 -2.6202 3.5802
1.0 4.2967 -4.2164
1.0 -1.5248 0.54395
1.0 2.1329 4.2005
1.0 1.347 -1.8392
1.0 0.10451 1.9016
-1.0 0.034742 -3.3661
1.0 -1.2683 1.9874
1.0 -1.2417 1.9044
-1.0 -2.9254 4.0565
1.0 0.17614 2.7126
1.0 4.2355 3.4653
-1.0 -2.3689 -4.1869
-1.0 -4.4052 1.7401
-1.0 -3.3044 -2.5428
-1.0 -0.17968 -4.6052
1.0 1.3926 1.1869
1.0 2.0532 -3.3859
1.0 0.47788 2.4414
-1.0 -4.9934 -4.0687
1.0 -0.16398 2.8121
1.0 4.6771 -2.6886
-1.0 -3.3844 -0.61188
1.0 0.77322 3.0345
-1.0 -3.1583 -4.4153
1.0 0.65681 -2.153
1.0 -1.7606 -0.085319
-1.0 -3.3759 -1.3152
1.0 1.3495 -0.62831
1.0 2.8982 1.7951
1.0 0.96713 1.4157
-1.0 1.6771 -4.6291
-1.0 0.45749 -4.1318
1.0 1.0896 1.6225
1.0 -1.4693 -0.65168
1.0 1.1546 -0.74809
1.0 4.3673 4.5012
1.0 0.14314 2.5711
1.0 3.1551 -3.8863
1.0 4.1461 0.17351
-1.0 -2.0527 1.9498
1.0 -1.2975 4.3762
1.0 3.1195 -4.2424
-1.0 -4.3723 2.7154
1.0 3.0365 -4.4643
1.0 0.78329 -1.5642
-1.0 -4.4809 -4.5153
-1.0 -3.5067 1.2321
1.0 0.56502 0.13625
-1.0 -3.6038 -0.58794
-1.0 -1.4571 -2.145
1.0 -1.3231 1.8226
1.0 4.3136 4.6573
-1.0 -2.727 -4.4966
1.0 4.1233 2.6497
-1.0 -2.255 -1.4179
1.0 3.5365 -4.727
1.0 3.2975 -4.3417
1.0 4.4706 -3.841
-1.0 -4.6746 -0.42087
1.0 0.58903 2.709
-1.0 -3.264 1.2983
-1.0 -0.092474 -3.7203
-1.0 -3.813 3.8438
-1.0 -4.0397 2.174
-1.0 -4.1128 -3.4049
-1.0 -3.2452 -1.1334
1.0 3.1035 3.4679
1.0 1.8152 2.0316
-1.0 -2.6552 -4.5924
1.0 -1.8666 0.33281
-1.0 -4.6637 -3.1195
1.0 -0.67565 1.1024
1.0 4.4326 -2.9118
1.0 3.2715 -0.34053
1.0 2.3495 4.6697
1.0 -0.15132 -1.7793
1.0 -1.445 3.5862
1.0 0.92072 0.80602
1.0 4.6924 0.65227
-1.0 -2.7139 0.13042
1.0 -1.4196 2.0244
1.0 1.3407 1.734
-1.0 -3.527 0.84674
1.0 3.7123 -4.6582
-1.0 -1.5667 -1.3153
-1.0 -0.76092 -2.6381
1.0 2.9736 0.83249
1.0 -0.83125 0.16015
1.0 3.1055 -2.4664
-1.0 -4.7501 3.9568
1.0 0.1894 2.9646
-1.0 -4.952 -3.6029
-1.0 -1.5508 -4.0476
-1.0 1.7724 -4.4071
1.0 -2.0381 0.16478
-1.0 -4.5803 3.3498
1.0 4.4767 -4.3665
1.0 0.86134 -1.1045
-1.0 -1.0076 -3.273
1.0 3.2636 0.035253
1.0 2.8374 1.0934
1.0 4.3023 0.24079
-1.0 -4.6429 0.42571
1.0 3.6428 2.8953
1.0 3.3585 -3.4755
1.0 -1.0382 3.3832
1.0 -0.25582 -1.118
-1.0 -4.3558 4.0667
1.0 -0.67533 4.5423
1.0 3.2313 3.8295
-1.0 -2.0288 -2.5411
1.0 -0.66108 3.5552
-1.0 -3.1144 3.0559
1.0 3.8605 -4.9207
-1.0 -4.2437 4.6458
1.0 -0.27121 4.9691
-1.0 -4.3101 -4.6007
-1.0 -3.9246 2.3114
-1.0 -0.62146 -2.9783
1.0 2.0548 -4.0149
-1.0 -2.4093 -1.6252
1.0 -1.9173 1.162
1.0 3.4356 2.272
1.0 1.543 3.6942
1.0 3.0086 0.41518
1.0 4.915 1.3348
1.0 1.0624 4.5729
-1.0 -3.3642 -2.418
-1.0 -4.0824 2.2078
-1.0 -4.1151 4.5891
-1.0 -1.589 -4.8389
-1.0 -4.2495 4.1916
-1.0 -4.5271 4.7613
1.0 4.5268 3.8975
1.0 -0.12018 1.1338
-1.0 -3.3596 3.764
1.0 -1.1459 4.3588
-1.0 -2.8867 -0.35067
1.0 3.7372 2.9887
-1.0 -4.0469 -3.2374
1.0 3.6935 -4.0618
1.0 1.4078 -2.0931
-1.0 -0.11905 -3.9284
1.0 1.363 1.9771
-1.0 -3.3149 3.2735
1.0 -1.5384 2.1896
1.0 2.2997 3.9566
1.0 -1.2143 4.9218
1.0 4.9021 3.7914
-1.0 -4.9731 0.89172
1.0 2.7032 3.6913
1.0 0.36714 1.4638
1.0 3.7619 0.38165
-1.0 -2.6964 -4.7384
-1.0 -4.766 -0.41488
1.0 4.8787 3.0135
1.0 2.2813 1.48
1.0 -0.097299 -1.4852
1.0 -1.349 -1.1076
1.0 3.8798 -1.3285
-1.0 -2.6639 -3.2856
1.0 3.2111 -1.0855
1.0 0.261 0.73642
1.0 4.3556 -1.4588
1.0 1.5467 1.3253
-1.0 0.39835 -3.2385
1.0 -1.448 0.3037
-1.0 -3.9937 -0.78891
1.0 1.5351 -1.3677
-1.0 -1.759 -1.6492
1.0 2.4441 -3.1131
-1.0 -0.97731 -4.2525
-1.0 -2.9884 -0.35882
1.0 1.8396 3.2634
-1.0 -2.4984 -1.2813
-1.0 -3.871 -0.288
-1.0 -4.2554 -4.4939
-1.0 -4.8112 -4.1719
-1.0 -2.284 -0.81093
1.0 -0.65451 0.041283
-1.0 -1.7836 -3.5313
1.0 0.99524 -0.51264
1.0 1.4303 -0.40933
-1.0 -4.0618 0.41891
1.0 1.8919 -0.84829
-1.0 -1.2322 -4.7556
1.0 1.0019 -3.1413
-1.0 -4.4356 -4.4677
1.0 2.702 -1.2526
-1.0 -3.9702 -3.8552
1.0 1.816 -0.15788
1.0 2.9028 4.073
-1.0 -4.2583 -1.0635
-1.0 -1.8119 -4.4581
-1.0 -3.9696 2.396
1.0 1.788 3.0101
-1.0 -3.3906 -4.1888
1.0 1.359 -2.9046
-1.0 -3.4724 0.64817
1.0 2.5526 -2.2184
1.0 3.228 4.4685
1.0 0.49081 1.7319
-1.0 -2.3372 -4.0748
1.0 2.9084 -2.298
1.0 2.8523 -2.4654
1.0 2.7144 -2.637
1.0 -0.33723 0.86082
1.0 0.42687 3.3503
-1.0 -3.9423 -0.057355
1.0 -0.99283 0.70295
-1.0 -4.6767 1.1776
1.0 -0.83435 2.9062
1.0 -1.4593 3.6647
-1.0 -0.34113 -2.1374
1.0 2.6337 4.8478
1.0 3.0102 -2.2758
-1.0 -3.5139 -4.8962
1.0 0.79013 -2.9118
-1.0 -4.8323 3.1905
1.0 4.823 -2.045
1.0 3.452 -3.8497
1.0 3.6702 0.66259
-1.0 -3.087 -1.5311
-1.0 -2.9951 0.67079
-1.0 -3.2697 -2.0442
1.0 1.4576 -0.93783
-1.0 -2.8478 -1.4074
1.0 -0.41706 -1.577
-1.0 -2.037 2.9167
1.0 3.3427 -4.4971
1.0 2.6258 -4.1167
1.0 2.2088 -2.3786
1.0 4.2774 4.0136
-1.0 -3.6435 -1.0223
1.0 -0.26514 -1.4562
1.0 4.4192 2.5971
1.0 4.3685 -0.18742
1.0 2.7445 -4.8835
-1.0 -1.8474 -4.7261
1.0 4.9953 1.4935
1.0 1.9093 3.2802
1.0 3.562 -1.2754
-1.0 -4.0144 -4.7394
1.0 3.1688 -3.5925
-1.0 -0.46836 -4.4258
-1.0 -4.3928 -4.5478
-1.0 -0.16095 -3.787
1.0 1.229 0.81334
-1.0 -4.0261 2.2124
-1.0 -1.9005 3.0331
-1.0 1.0332 -3.3007
1.0 2.4572 2.4823
-1.0 -1.1982 -4.9245
1.0 -1.6476 1.0804
-1.0 -3.6309 0.036535
-1.0 -0.18215 -3.2285
1.0 4.0909 4.1518
-1.0 -2.309 -1.4022
-1.0 -2.8064 4.3279
-1.0 -2.2738 1.2549
1.0 1.8873 4.9982
-1.0 -4.092 -4.6101
1.0 3.5152 4.8362
1.0 -1.6683 1.2606
1.0 -1.6323 4.8897
-1.0 -2.4524 1.3684
1.0 3.7647 3.766
-1.0 -3.5339 -1.2692
-1.0 -2.2418 1.3608
-1.0 1.7381 -4.5696
1.0 0.079172 -1.5519
1.0 1.3759 -0.38184
1.0 1.1466 -3.2991
1.0 1.2398 2.6644
-1.0 -4.9325 -1.0466
-1.0 -0.19087 -4.6603
-1.0 -4.4665 -2.3974
1.0 0.59339 4.6762
-1.0 -2.7029 -3.7711
1.0 2.9223 2.3821
1.0 -0.27433 3.8498
1.0 1.4245 2.8216
-1.0 -3.3986 -3.2272
1.0 2.0284 1.1545
-1.0 -4.4481 2.5706
1.0 4.7487 -3.5433
1.0 3.0929 -3.0719
1.0 -1.9185 0.65764
1.0 3.1675 1.3177
1.0 3.1807 -0.79586
-1.0 -3.3323 -2.6999
-1.0 -3.9582 -2.0491
-1.0 -3.7135 -0.92045
-1.0 -3.5452 1.1517
-1.0 -3.7945 -1.0644
1.0 4.6855 3.375
1.0 -1.3247 0.31599
1.0 1.9754 2.7639
1.0 3.056 -1.7339
-1.0 -3.5117 1.4174
-1.0 -3.4055 4.2162
1.0 3.483 -3.3361
1.0 2.1305 -1.4943
-1.0 -2.6411 1.6931
-1.0 -0.27688 -3.6235
1.0 1.276 -1.1294
1.0 0.23019 -0.79314
1.0 -2.0626 -0.434
-1.0 -1.0365 -4.71
-1.0 -2.7766 -2.0175
1.0 4.1604 -0.39993
1.0 0.809 3.8893
1.0 2.4405 3.5927
-1.0 -2.3655 1.828
-1.0 -4.109 2.0882
1.0 2.844 -4.0888
1.0 1.8516 1.4973
1.0 4.1381 4.6133
1.0 0.80523 3.6249
1.0 0.27933 3.193
-1.0 -3.3503 4.26
1.0 2.4983 -0.86637
-1.0 -4.5217 -3.9735
-1.0 -3.0552 2.9675
1.0 1.8906 3.8882
-1.0 -2.708 -2.4651
1.0 4.966 3.6044
-1.0 -2.791 3.4115
1.0 -0.77409 -0.39663
-1.0 -1.1286 -4.0677
1.0 -1.3461 4.785
-1.0 -4.4557 2.2583
1.0 4.2351 1.276
1.0 4.3484 -1.5056
-1.0 -2.6365 4.0148
1.0 1.7701 0.03228
1.0 2.5022 -1.9942
-1.0 -3.5478 -3.7665
-1.0 -1.7711 -3.3843
1.0 -1.2756 -0.30619
1.0 4.2003 -2.9843
1.0 -0.61588 2.1307
-1.0 -1.6568 -4.0358
-1.0 -0.54137 -3.4863
1.0 4.5091 4.8915
1.0 3.3564 1.0275
1.0 3.2532 4.15
-1.0 -3.8948 -0.9269
1.0 1.0828 4.2106
1.0 2.5345 -3.3666
-1.0 -2.4728 -4.0607
1.0 2.686 -1.0568
-1.0 -2.9372 2.2502
1.0 1.032 0.6161
-1.0 -0.040925 -4.7276
-1.0 -2.7653 -0.71996
-1.0 -0.83892 -4.1338
1.0 2.145 2.9489
1.0 0.99335 3.1579
-1.0 0.31195 -4.0249
-1.0 -1.3061 -2.7774
-1.0 -1.771 -4.1194
1.0 3.5829 -0.40952
1.0 4.9969 -2.595
1.0 1.8315 -4.0167
1.0 2.4184 4.7375
1.0 2.5517 -2.1182
1.0 2.5114 -3.3908
1.0 4.1965 -2.7777
1.0 2.9947 -1.7076
-1.0 -4.8223 0.41826
1.0 -1.5698 -0.5103
1.0 1.593 -0.18856
-1.0 -2.2338 -2.5141
-1.0 -4.4049 1.5338
1.0 2.9106 0.019204
-1.0 -4.1121 -4.864
1.0 -0.75264 3.7383
1.0 2.3431 0.27292
1.0 3.7732 3.0215
-1.0 -3.8183 3.1478
1.0 -0.93798 -0.070681
-1.0 -4.3666 4.1726
1.0 0.75645 4.084
1.0 3.1788 1.1588
1.0 4.7798 3.1019
1.0 3.1618 4.6447
1.0 4.2164 -0.99209
1.0 4.7055 3.7984
1.0 0.16957 2.8317
1.0 -1.4654 0.18053
1.0 1.7095 4.6948
1.0 -1.247 0.47358
-1.0 1.5851 -4.8483
1.0 2.9423 -4.1518
1.0 -1.2181 1.8363
-1.0 -3.1274 -2.9109
1.0 2.5292 -0.90793
1.0 2.0337 -4.5495
-1.0 -1.6978 -4.7201
1.0 4.111 -1.5
1.0 3.7261 0.64568
-1.0 -3.3707 3.7783
1.0 3.1446 2.4946
1.0 3.4543 4.9096
1.0 4.3593 2.2715
1.0 -1.3706 4.6139
1.0 2.7729 2.0856
1.0 4.5736 -3.1795
1.0 3.3096 -2.9852
-1.0 -4.4961 -1.9853
1.0 3.4038 -4.8857
-1.0 -2.0673 2.787
1.0 1.7116 -0.93086
-1.0 -4.4224 -1.0578
1.0 3.1264 -4.0488
1.0 3.9478 -0.7825
1.0 1.7222 1.6869
1.0 3.5332 2.6982
1.0 2.0311 -2.8377
1.0 -1.6754 0.67909
1.0 4.7213 1.3011
1.0 2.8389 -4.8478
1.0 4.8096 1.3558
1.0 4.4796 -1.3747
-1.0 -3.452 -2.9792
1.0 3.3962 0.10369
-1.0 -3.5704 -0.2795
-1.0 -3.1472 1.4691
1.0 -1.6043 -0.33183
1.0 3.9374 1.9129
1.0 3.1624 -2.1351
1.0 4.4742 0.43704
-1.0 -2.5968 4.2893
1.0 0.79701 -1.2454
-1.0 -3.1119 -3.5548
1.0 -1.4872 1.6066
1.0 1.0626 -0.54682
1.0 1.4457 2.9373
1.0 1.1526 4.3815
1.0 3.7902 3.1045
1.0 2.5086 4.9221
1.0 3.0376 -1.3019
-1.0 -2.4724 -2.3668
-1.0 -2.7947 3.9003
-1.0 -3.783 1.1167
1.0 -1.1564 1.1467
-1.0 -3.558 4.8011
1.0 0.8517 -1.6335
1.0 2.8029 4.8014
-1.0 -2.9181 -1.9936
1.0 1.5316 4.7335
-1.0 -0.22827 -3.6148
1.0 4.11 -1.8684
1.0 0.91885 -1.056
1.0 -0.48948 -0.12017
1.0 2.637 1.0416
1.0 4.9097 -2.9641
-1.0 -3.8721 -1.2124
-1.0 1.0194 -4.315
1.0 -2.3193 4.778
-1.0 -1.0622 -4.117
1.0 1.4989 -2.2204
1.0 0.75208 -1.3916
1.0 1.1388 -0.78533
1.0 3.0701 -4.2621
1.0 0.98717 3.233
1.0 1.4476 -2.8299
1.0 2.331 0.71337
-1.0 -3.527 -2.7976
-1.0 -2.6469 -3.7279
-1.0 -3.1898 4.258
-1.0 -3.5217 2.7156
-1.0 -2.7564 -0.030899
1.0 4.0809 2.6415
1.0 3.1712 -0.43979
-1.0 -1.9847 1.0897
1.0 4.8367 1.2517
-1.0 -3.892 1.8498
-1.0 -4.1531 -4.8481
-1.0 -1.9508 -0.95654
1.0 -0.62539 0.063184
-1.0 -2.269 1.4373
1.0 0.89449 -1.6983
-1.0 -2.2213 3.5218
1.0 3.0905 -1.6012
-1.0 1.3501 -4.6451
1.0 -1.2951 -0.21629
1.0 2.1736 2.1428
-1.0 -1.4612 -4.8976
-1.0 -3.2101 4.5781
-1.0 -4.5494 -3.0596
1.0 0.10689 1.4476
-1.0 -3.1375 -2.9617
1.0 1.2894 -3.2332
1.0 2.9993 -1.1322
1.0 -2.0646 4.6244
-1.0 -3.5218 -4.6971
1.0 2.1606 4.6042
-1.0 -3.2774 -4.9921
1.0 3.3867 3.466
-1.0 -3.442 -3.7681
-1.0 -2.3803 -4.3801
1.0 4.4079 0.20991
1.0 -0.32312 2.6352
1.0 1.2872 2.6569
-1.0 -4.7555 -4.5902
1.0 4.0772 -0.14542
-1.0 -2.4642 -3.7437
1.0 1.8754 4.9039
-1.0 -3.0295 -2.8528
1.0 -0.64351 4.9948
-1.0 -2.7275 3.1113
1.0 0.67215 1.7862
1.0 3.3259 3.7299
-1.0 -2.5728 4.8828
1.0 4.3513 -0.98574
-1.0 -3.9057 -3.7225
1.0 4.2803 4.1634
-1.0 0.37005 -4.8907
-1.0 -4.5328 4.9885
-1.0 -4.9981 -0.28012
1.0 2.395 -4.4472
-1.0 -3.7501 -3.4343
1.0 0.30225 -0.96636
-1.0 -3.3714 0.43672
1.0 1.2224 4.5164
-1.0 -4.7711 3.5286
-1.0 -1.3455 -1.9014
1.0 -0.13467 3.4019
-1.0 -2.4097 1.2643
1.0 3.4775 -2.2645
-1.0 -4.8295 0.12324
-1.0 -1.7883 2.759
1.0 1.5264 1.3163
-1.0 -1.4808 -3.4636
1.0 4.6285 -1.9364
-1.0 -2.9498 4.7542
1.0 3.4782 -0.92191
1.0 3.9322 0.47201
1.0 3.5037 4.862
1.0 3.1161 -3.0178
1.0 4.3452 2.9079
1.0 0.7956 3.7199
1.0 4.0338 0.8989
1.0 4.3608 4.44
1.0 3.3134 0.87689
-1.0 0.51851 -4.0824
1.0 -0.21915 2.8457
1.0 -1.4217 -0.75991
-1.0 -3.2754 -0.084119
1.0 4.1098 -3.1872
1.0 -1.5174 2.2881
-1.0 -3.5447 3.7844
1.0 1.9118 -1.6809
-1.0 -4.667 -2.1744
-1.0 -3.2534 -0.37266
-1.0 -1.2347 -2.2052
1.0 2.7149 2.0337
1.0 -1.2189 4.4056
1.0 -0.34847 3.1607
-1.0 -4.9901 3.5436
-1.0 -4.8205 3.7464
1.0 4.7236 1.9582
1.0 2.7761 -4.6772
-1.0 -2.9982 -0.23337
1.0 0.51515 -1.7499
1.0 2.6358 -0.7101
1.0 0.49431 3.6186
1.0 3.2304 -4.8107
-1.0 -4.1591 0.732
-1.0 -1.1138 -4.0994
1.0 2.8808 -2.0161
1.0 2.7963 3.1439
1.0 4.0687 -4.0639
1.0 1.2556 4.2038
-1.0 0.73151 -4.6607
1.0 1.8319 -1.657
1.0 3.8758 1.213
1.0 2.6379 4.3453
1.0 1.1022 -0.47035
1.0 -0.25363 4.0224
1.0 2.3243 4.2577
-1.0 -0.72098 -2.9509
-1.0 -4.2629 -2.5303
1.0 3.7142 -1.0485
-1.0 -4.7926 -0.094422
-1.0 -1.8758 -1.1696
1.0 4.2702 3.8009
1.0 3.1366 -4.223
-1.0 0.47273 -4.6688
1.0 2.6746 3.1021
1.0 0.61868 3.8877
1.0 3.4012 1.8578
-1.0 -3.8526 2.5635
1.0 -0.84582 2.4794
-1.0 0.98055 -3.233
1.0 2.4022 1.5073
-1.0 -2.5439 -4.3118
1.0 2.0702 -1.5781
1.0 2.2815 -1.3355
1.0 1.9724 -4.3229
1.0 0.89398 1.2347
1.0 -0.23716 4.5448
-1.0 -2.5749 -0.8934
1.0 0.1147 4.5486
-1.0 -3.0044 4.4351
1.0 -1.5169 3.8556
1.0 -1.8431 0.94529
1.0 0.41203 4.3128
1.0 -0.59889 1.1367
1.0 2.4487 1.8456
1.0 0.78738 -2.4412
1.0 -0.32283 0.56194
1.0 2.5 -0.78424
1.0 0.1581 -2.1097
1.0 2.8845 -0.45443
1.0 2.9299 1.7512
1.0 2.7318 0.31539
1.0 3.0683 1.7365
1.0 3.7145 0.22779
1.0 3.6997 -1.2355
-1.0 -1.7416 -2.2515
1.0 4.4921 3.6284
1.0 4.7754 1.003
1.0 0.052641 2.4698
-1.0 -2.0296 2.1408
-1.0 -2.6563 -2.8927
-1.0 -4.7373 -1.8329
1.0 4.1297 1.864
-1.0 -3.3201 3.1866
1.0 4.4679 -0.83189
1.0 0.69007 2.3743
1.0 4.9695 -1.8069
1.0 4.3219 -3.6564
1.0 1.946 -4.1706
1.0 2.6523 -4.7494
-1.0 -2.5688 0.24679
-1.0 -4.9574 -0.788
1.0 0.82301 3.1252
1.0 -0.153 3.0162
-1.0 -2.1862 0.51681
-1.0 -1.8312 -1.4956
1.0 0.99572 3.0833
1.0 -2.217 4.5222
1.0 1.5336 -3.3675
-1.0 -0.63602 -4.4314
-1.0 -3.9679 0.82173
1.0 3.5691 -3.526
-1.0 -4.5022 -3.1004
-1.0 -3.6506 0.44276
-1.0 -4.6345 0.10881
-1.0 0.10007 -3.772
-1.0 -3.7202 4.7106
-1.0 -2.9172 -3.7854
-1.0 -3.5463 -4.1006
-1.0 -1.8736 -1.0511
1.0 2.9916 3.481
-1.0 -1.624 -2.0197
-1.0 -4.8173 0.12315
-1.0 -3.0381 -4.3086
-1.0 -0.42613 -2.843
-1.0 -0.55225 -2.201
1.0 -1.1742 4.9301
1.0 -1.3384 3.5574
-1.0 0.8307 -3.2247
1.0 4.2926 0.45883
1.0 4.9743 4.2164
1.0 -0.19823 -0.30162
-1.0 -2.7649 0.085512
1.0 4.4232 0.99402
-1.0 0.042614 -3.0115
1.0 2.8677 -0.94995
1.0 4.9936 0.14934
-1.0 -0.0083221 -3.6402
-1.0 -4.6664 4.5424
-1.0 -4.2546 -4.6869
1.0 1.4121 4.5918
1.0 2.8866 3.9579
1.0 2.6606 4.2549
1.0 3.6246 4.1887
-1.0 -3.5916 4.9543
1.0 0.5376 1.183
1.0 -0.47916 1.3871
-1.0 -2.1041 1.0434
1.0 4.5702 -3.0415
1.0 3.6609 3.4218
-1.0 -2.0297 -2.5187
-1.0 -2.4178 -0.32652
1.0 -0.88211 1.8754
-1.0 -0.9783 -3.6653
-1.0 -2.7313 -0.28146
1.0 3.0602 -1.0342
1.0 3.463 -2.1413
1.0 3.4395 -2.6435
-1.0 -3.0957 3.5845
-1.0 -3.546 -4.3044
-1.0 0.80474 -4.42
-1.0 -1.297 -2.8489
1.0 0.80836 1.3242
-1.0 -4.3845 -3.7509
-1.0 -4.8393 -2.2173
1.0 4.408 -0.30549
1.0 -1.4231 2.4927
-1.0 -4.1029 0.93955
1.0 1.9916 -0.84687
1.0 2.3386 4.8092
1.0 -1.1621 -0.53016
1.0 0.59777 3.4618
1.0 4.9501 3.2631
-1.0 -3.7016 -2.7785
-1.0 -0.21185 -2.8667
-1.0 0.69469 -3.959
-1.0 -3.4901 -1.9492
1.0 1.1418 -3.1024
-1.0 -3.6566 3.4775
-1.0 -2.1716 -1.5724
1.0 0.92475 4.5787
-1.0 -4.5247 2.8492
1.0 2.0721 0.23043
1.0 -1.1186 2.9708
-1.0 -3.063 0.27738
-1.0 -3.6436 2.1596
-1.0 -2.6164 3.5833
1.0 3.0643 -3.7859
1.0 2.8929 -4.8494
1.0 4.8134 4.8104
1.0 0.12464 0.37809
1.0 0.79559 -2.0312
1.0 3.475 -0.529
1.0 -1.6904 -0.90501
1.0 3.5436 1.3594
1.0 -1.3818 2.3294
1.0 2.4059 1.0805
1.0 -1.2766 -0.33221
-1.0 -4.3652 2.5542
1.0 1.6713 3.7356
1.0 -1.0265 0.060517
-1.0 -1.3196 -3.6433
1.0 0.6861 0.21912
1.0 2.295 3.8867
-1.0 -3.8902 -3.009
1.0 -0.63099 1.003
-1.0 -4.6674 -2.71
1.0 4.2687 0.57348
-1.0 -3.2589 -4.4516
1.0 -0.15519 0.11356
1.0 4.6534 -4.2027
-1.0 -2.9349 -0.921
1.0 4.8786 0.73874
1.0 0.73551 4.644
-1.0 0.23207 -2.6796
1.0 1.9738 -4.5619
-1.0 -3.024 -3.0724
1.0 3.925 4.118
-1.0 -2.5766 2.9025
-1.0 -3.9416 1.1305
1.0 3.5163 1.5625
-1.0 -4.2329 -3.053
-1.0 -2.5052 -4.3724
1.0 2.8463 1.1624
-1.0 -3.7988 -2.0308
-1.0 -3.2394 -3.0159
1.0 -0.042937 4.7241
1.0 -1.6242 4.3597
-1.0 -3.1839 -4.2142
1.0 4.2009 4.647
-1.0 -2.4681 -2.9476
1.0 0.66193 -1.9786
1.0 1.0209 1.6473
1.0 3.0949 -1.0668
1.0 3.3086 1.4838
1.0 0.92165 -2.3874
1.0 3.0388 -1.9512
1.0 1.3962 1.5502
-1.0 -2.6727 2.821
1.0 -0.86365 -0.19518
-1.0 -4.8606 -4.3177
1.0 4.6928 1.6664
1.0 -0.078408 -0.80547
1.0 -1.8173 -0.0050197
1.0 -0.90629 3.1351
1.0 1.2009 3.8184
1.0 1.145 1.9635
1.0 3.273 -4.9434
1.0 -1.6288 4.6101
-1.0 -1.8521 1.5869
1.0 1.466 2.9512
1.0 -1.9396 -0.74522
1.0 3.5225 -2.4177
-1.0 -1.4302 -4.1373
1.0 2.0281 0.24311
1.0 4.4718 1.6724
-1.0 -0.87249 -2.2607
1.0 0.62566 4.5043
1.0 4.1776 -4.416
1.0 1.2333 -1.1772
-1.0 -3.8726 0.022197
-1.0 -3.663 -3.1025
1.0 0.8469 2.0148
-1.0 -3.6253 -1.5523
1.0 -1.6805 4.6689
1.0 -0.29159 -0.30314
1.0 4.0991 -3.0512
1.0 4.7561 -3.41
-1.0 -3.0699 -3.795
-1.0 -3.8966 -3.2193
1.0 4.9715 -0.9198
-1.0 -4.1884 -1.3329
-1.0 -4.4466 -1.9365
1.0 1.1925 2.0503
-1.0 -3.4576 1.6634
1.0 4.5666 0.51611
-1.0 -2.9737 4.2198
1.0 0.46313 -1.8264
1.0 1.8095 -0.26784
-1.0 -4.7263 -3.313
-1.0 -3.7479 1.6912
-1.0 -2.3484 4.722
1.0 -1.0898 3.4695
1.0 -0.95133 -1.6291
-1.0 -3.5863 -1.5653
1.0 -0.58415 0.59922
-1.0 -3.8727 4.7656
-1.0 -4.7439 -2.6382
1.0 3.7212 -0.53439
1.0 -1.9611 -0.20851
1.0 1.8129 0.71574
1.0 1.7236 -0.54636
-1.0 -3.3095 -2.7103
1.0 1.7842 4.7412
-1.0 -2.2459 4.0954
1.0 3.2703 -3.2126
1.0 0.45575 4.9246
-1.0 -0.57969 -2.3799
1.0 2.0541 1.2801
1.0 0.50638 2.9948
1.0 2.9492 2.1484
1.0 4.2209 1.984
-1.0 -2.6549 3.494
1.0 4.7119 1.1228
1.0 -0.089774 4.3088
1.0 0.48357 0.93995
-1.0 -3.1273 -2.8021
1.0 -1.4343 3.1419
1.0 1.482 -3.219
-1.0 -3.2493 -3.3611
1.0 -0.79009 -0.78898
1.0 0.30273 2.8988
-1.0 -4.6319 2.383
1.0 2.5351 -4.6826
1.0 3.2419 4.9757
-1.0 -3.1383 4.8268
-1.0 -4.6037 3.032
1.0 2.0214 0.73069
-1.0 -2.8443 -0.029882
1.0 -1.0563 3.3536
-1.0 -2.7113 4.2051
-1.0 -3.778 4.0097
-1.0 -1.0694 -2.4107
1.0 -1.0378 2.4289
1.0 2.9027 0.37534
-1.0 -2.2208 0.60014
-1.0 -1.0807 -4.7391
1.0 -0.59943 2.4531
-1.0 -3.648 4.9606
1.0 0.77418 4.175
1.0 -0.77012 1.8535
-1.0 -3.3491 4.0806
1.0 4.0252 -4.9586
1.0 0.4916 -0.17446
1.0 -1.2983 4.1213
1.0 1.6599 4.1076
1.0 4.3094 -0.016459
-1.0 -3.0269 4.9523
-1.0 -4.492 -4.0271
1.0 2.1794 -1.4607
-1.0 -4.7078 1.9098
1.0 2.5272 2.2518
-1.0 -3.9337 -4.0935
-1.0 -2.2646 -0.60456
1.0 4.9308 4.7529
1.0 -0.23728 -1.9027
-1.0 -4.5589 -4.6351
-1.0 -4.6537 2.4461
-1.0 -1.255 -4.4552
1.0 2.9679 4.1261
-1.0 -3.3292 -0.31724
1.0 -1.3026 0.8352
1.0 -1.7413 0.076745
1.0 0.025874 4.2861
1.0 -0.61299 0.28742
1.0 1.5125 -3.8437
1.0 -1.0077 3.4849
1.0 0.11516 2.4467
1.0 -1.3807 0.86642
1.0 3.7991 0.60616
1.0 2.1235 -4.3223
1.0 3.806 0.88447
-1.0 -3.9821 -4.5528
1.0 -1.5013 2.42
1.0 4.8373 -3.5642
-1.0 -2.7045 -4.3847
-1.0 -4.4537 -0.66897
-1.0 -1.7095 -2.6726
1.0 2.1917 -3.2684
-1.0 -4.9354 -4.9561
1.0 0.42983 -2.4784
-1.0 -3.256 2.4284
1.0 4.4041 -4.0305
-1.0 -4.0127 3.1193
-1.0 -4.748 2.862
1.0 4.2384 -4.0725
1.0 3.6824 -4.7745
1.0 -1.9529 0.51804
-1.0 -3.0997 -2.7962
1.0 3.3549 4.9362
-1.0 -3.1475 -0.31803
1.0 4.3872 -2.098
-1.0 -3.056 0.63147
1.0 4.5178 2.9606
-1.0 -3.6929 3.52
1.0 0.40562 -1.3486
1.0 -1.3537 -1.0596
-1.0 -1.0805 -3.0883
-1.0 -1.2438 -4.3124
1.0 2.007 -1.0508
1.0 -1.9685 0.55403
1.0 1.9106 -3.8429
1.0 4.2587 1.8801
-1.0 0.42785 -4.6658
1.0 0.77385 2.4664
-1.0 -2.6573 0.72343
1.0 3.4523 2.2386
-1.0 -2.3893 -4.7089
1.0 3.16 -3.936
-1.0 -2.5209 2.3558
-1.0 -3.2315 -3.6742
1.0 2.1848 -3.0783
-1.0 -0.35384 -2.584
-1.0 -0.81506 -2.6735
1.0 0.98501 -2.2817
-1.0 1.1165 -4.2489
-1.0 -2.3964 -4.6547
1.0 4.4723 -1.7604
-1.0 -3.4481 -3.855
1.0 4.3609 3.8937
1.0 1.5753 2.8796
1.0 -0.64563 0.12065
-1.0 -0.94611 -2.4256
-1.0 -2.6877 4.783
-1.0 -4.0409 -0.63775
1.0 4.6499 3.2657
1.0 3.8774 -1.516
1.0 3.663 -2.9586
1.0 -1.534 3.1238
1.0 4.3625 2.9699
1.0 4.5434 -0.7353
1.0 4.9318 4.6537
1.0 -0.13553 0.48846
-1.0 -2.0784 -4.3713
1.0 1.3939 -3.6957
1.0 -1.4205 2.9542
-1.0 -0.25083 -2.5785
-1.0 -3.7305 1.0028
-1.0 -3.8105 1.4248
1.0 -1.5864 1.6741
1.0 1.1273 0.4079
1.0 2.6891 -1.7635
1.0 2.501 0.62373
1.0 3.2076 1.455
-1.0 -2.9467 0.99556
1.0 2.8951 -1.5289
1.0 2.2906 -4.1744
1.0 3.0058 2.5432
1.0 -1.4184 4.2182
1.0 4.6075 -0.030406
1.0 4.7213 0.026362
-1.0 1.6437 -4.7408
-1.0 -2.8388 -4.8873
1.0 3.1856 0.8397
1.0 1.2218 0.096279
-1.0 -3.7455 -2.6757
-1.0 0.09905 -3.8521
1.0 4.2782 3.628
-1.0 -2.4361 -0.3709
1.0 4.3275 4.7296
1.0 1.5728 3.8902
1.0 4.6631 -1.3836
1.0 -1.7029 1.9211
1.0 2.229 3.9371
1.0 1.7928 4.1222
-1.0 -4.2174 1.8419
1.0 0.70122 4.9131
1.0 2.3495 -2.8665
1.0 1.4572 -1.9813
1.0 1.2323 -3.2979
1.0 -0.17153 -0.39524
1.0 0.027393 -0.59683
-1.0 0.87223 -4.4045
-1.0 -4.2022 -1.7156
1.0 1.9827 -0.90046
1.0 -2.0161 4.1344
1.0 0.21937 3.1974
1.0 2.0029 -2.0371
-1.0 -2.3499 4.6545
1.0 0.56609 4.4693
-1.0 -4.7573 0.84613
1.0 -1.1904 2.0421
-1.0 -1.5306 -3.1394
1.0 -0.41956 -0.41538
1.0 -1.2673 1.5709
-1.0 -1.1367 -4.9504
-1.0 -3.3629 2.9818
1.0 -0.22296 1.3724
1.0 4.4372 -4.8494
-1.0 -3.0712 -0.35856
1.0 4.5007 0.36375
-1.0 -2.0591 1.3009
1.0 3.5297 -0.82053
-1.0 -2.3492 -2.9854
1.0 1.6331 -0.92518
-1.0 -3.9908 1.7221
-1.0 -3.4311 -4.8407
1.0 -0.19721 2.6506
1.0 0.44257 3.1243
-1.0 -3.0115 -3.3838
1.0 3.2407 -2.555
1.0 2.1838 1.7545
-1.0 -1.2407 -4.1898
-1.0 -2.2227 2.176
1.0 3.2195 4.7371
1.0 1.2478 -2.2526
1.0 -1.3791 2.8899
1.0 -0.893 2.9272
1.0 4.5961 1.4045
-1.0 -2.085 1.8648
1.0 0.52449 4.7459
1.0 1.4875 1.1377
1.0 2.796 -2.8383
1.0 4.4554 -0.6419
-1.0 -4.2952 3.4209
-1.0 -2.3538 0.065459
-1.0 -2.7797 4.8413
-1.0 -3.4352 4.2478
-1.0 -2.7407 0.31318
-1.0 -1.8043 2.0843
-1.0 -1.2314 -1.5718
1.0 4.9556 -4.9572
-1.0 -4.0755 -0.96659
1.0 1.6761 -3.7104
-1.0 -3.3432 2.0303
1.0 4.5593 4.1547
1.0 3.0018 -2.0916
-1.0 -1.5971 -1.7002
-1.0 -2.0871 -2.15
1.0 2.8044 3.9387
1.0 -2.1613 -0.11367
1.0 1.7876 2.9955
-1.0 -1.3756 -3.3649
-1.0 -0.746 -4.7286
-1.0 -1.726 -2.7321
-1.0 -2.7041 1.8888
1.0 0.72109 -2.0014
1.0 1.3889 3.6908
1.0 2.2808 4.0658
1.0 -1.7206 4.7791
1.0 3.7994 0.062963
-1.0 -3.35 2.3066
-1.0 -2.29 3.5969
-1.0 -1.1726 -2.8466
1.0 4.0131 -1.4809
-1.0 0.43986 -3.6978
-1.0 -3.4719 -1.136
1.0 1.4513 1.9973
1.0 2.2696 -4.142
-1.0 -3.4186 3.4082
1.0 3.8087 -4.8231
1.0 1.3526 -2.9036
1.0 3.3972 4.9301
1.0 -0.11821 2.1025
1.0 4.6478 -3.7511
1.0 1.1841 -0.72454
1.0 -0.32282 0.96996
-1.0 -3.5989 -1.3177
1.0 2.7705 -3.2582
1.0 1.7455 3.8924
-1.0 -3.1044 -1.8238
1.0 3.5063 4.385
1.0 0.8129 -1.8004
1.0 4.5425 1.5834
1.0 0.042068 3.8906
1.0 3.7948 3.7465
1.0 2.0233 -3.631
1.0 4.5475 -0.019227
-1.0 -0.94095 -4.9396
1.0 3.5852 0.13997
-1.0 -2.6217 2.6346
1.0 4.7953 3.161
1.0 3.748 -2.9605
1.0 0.95777 3.1345
-1.0 -3.264 2.5601
1.0 2.4239 -2.6304
-1.0 -4.243 -2.0841
1.0 3.7203 4.6635
1.0 4.2061 0.55962
-1.0 -3.2941 0.071418
1.0 2.4166 -3.3173
1.0 2.6582 -4.4706
-1.0 -4.479 -4.3627
1.0 1.837 -1.0314
-1.0 -2.2383 -0.071503
1.0 1.8534 -3.1131
1.0 1.7601 -1.1362
-1.0 -3.4369 -4.4967
1.0 -1.561 -0.49954
1.0 -1.5028 -0.21121
-1.0 -2.6854 0.96303
1.0 4.9603 1.2807
-1.0 -4.5648 1.0613
-1.0 -2.9245 1.3295
1.0 -1.6205 4.4394
1.0 3.0074 -3.6947
1.0 -0.3654 0.25875
1.0 1.615 -1.9853
1.0 3.4003 -0.064021
1.0 3.5483 -4.9151
-1.0 -0.28222 -4.6049
-1.0 -3.4311 0.36024
1.0 1.2325 -0.25291
1.0 4.2601 2.9007
1.0 0.80467 4.771
-1.0 -4.2891 3.8271
1.0 -1.0698 -0.41371
-1.0 -1.2604 -3.94
1.0 2.2495 -0.65788
-1.0 -1.7733 -1.6278
-1.0 1.2468 -4.2319
-1.0 -1.9598 -1.5342
-1.0 -4.2994 -0.60975
-1.0 0.57266 -3.3429
1.0 1.8245 3.5152
1.0 3.4462 -1.1824
-1.0 -0.99942 -4.4319
-1.0 -0.79451 -4.3248
-1.0 -4.2276 -0.31793
1.0 3.1948 2.5913
-1.0 -2.9674 -3.9319
-1.0 -4.3687 2.3219
1.0 0.51382 0.44161
1.0 0.46823 -0.092758
1.0 3.7933 -3.7594
-1.0 -4.3935 1.2077
1.0 1.3143 3.3802
1.0 0.51559 -0.84344
1.0 3.2243 1.315
1.0 4.5784 0.53193
1.0 4.687 0.42258
-1.0 -4.8817 0.96645
-1.0 -4.9073 -3.1259
1.0 4.9998 -3.308
1.0 4.1557 -3.5693
-1.0 -2.0485 -2.6287
-1.0 -2.637 -0.1578
-1.0 -3.7462 0.28517
1.0 1.3617 1.2586
1.0 2.3497 -4.3044
1.0 2.9471 -0.8326
-1.0 -3.4381 4.6118
-1.0 -2.7443 1.5358
1.0 -0.12743 4.68
-1.0 -4.9296 -1.3831
1.0 3.5306 -4.1603
1.0 1.8651 1.2071
1.0 1.322 -1.0272
1.0 -0.50151 -1.0135
1.0 4.0734 3.0964
1.0 2.4331 -0.59346
-1.0 -3.5749 -4.4522
-1.0 -2.8732 4.7751
1.0 4.0115 0.42774
-1.0 -3.2358 -4.2992
1.0 1.7242 0.67823
1.0 4.9257 -0.74614
1.0 -0.94695 2.7779
1.0 2.645 1.8588
1.0 4.5316 -3.9864
-1.0 -3.5859 -3.9152
-1.0 -2.282 3.8421
1.0 4.9385 -4.5246
1.0 4.3766 -3.4077
-1.0 -1.5771 -2.7916
1.0 -0.77201 0.25673
-1.0 -3.8831 -3.1149
1.0 2.3166 4.644
1.0 4.3419 -0.75939
1.0 2.3436 1.4763
-1.0 -2.4996 -2.4765
1.0 -1.9491 0.68141
1.0 -1.4365 1.1804
1.0 -0.049692 3.0544
1.0 0.86234 3.3439
1.0 1.2244 -1.8263
-1.0 -4.3267 4.782
1.0 3.8455 0.93706
-1.0 -2.1674 -1.4095
-1.0 -4.8387 4.2004
1.0 2.5556 1.9506
-1.0 -2.1072 2.3628
1.0 1.1252 -2.2753
-1.0 -3.1706 1.5808
-1.0 -2.9435 -2.483
1.0 -1.199 -1.4064
-1.0 -3.0233 4.1985
-1.0 -0.60277 -4.127
1.0 2.7845 -4.4722
1.0 4.3763 4.3943
1.0 -0.0033278 1.4132
1.0 1.2959 3.9063
-1.0 -0.37906 -2.8661
-1.0 -3.3211 -3.5587
-1.0 -0.37457 -2.6686
1.0 2.4374 3.8068
-1.0 -4.983 1.5245
1.0 2.7032 4.7304
1.0 3.1777 2.5227
1.0 1.0818 2.6268
-1.0 -3.9587 -1.6049
-1.0 -3.5483 -2.1616
1.0 -0.19198 0.70164
1.0 -0.73489 1.1459
-1.0 -2.6382 -0.16329
-1.0 -4.7168 0.80835
-1.0 -2.186 -4.3009
1.0 2.4408 -2.9598
1.0 2.4393 -3.5982
1.0 3.8855 4.27
-1.0 -2.9756 0.57552
1.0 -0.37273 0.3515
-1.0 -4.2514 -2.9162
1.0 -0.68616 4.211
-1.0 -3.1883 -4.368
1.0 2.1878 4.2817
-1.0 -1.1843 -1.7482
1.0 -1.7342 4.0581
1.0 4.5836 -2.0921
-1.0 -3.5317 -4.0861
1.0 -0.49769 1.5469
-1.0 -2.6688 -3.8212
1.0 0.42325 4.495
-1.0 -1.0185 -1.6543
1.0 4.5872 0.41161
-1.0 -1.3525 -1.6758
1.0 0.7752 4.7392
1.0 2.1436 2.1609
1.0 -0.88537 -0.2402
1.0 2.8098 1.5879
1.0 -1.1698 4.4847
-1.0 -4.3085 4.1219
1.0 0.44304 -0.41653
1.0 -0.7023 1.7036
-1.0 -0.8384 -4.7373
1.0 4.8867 2.5232
1.0 4.2096 -0.10843
1.0 0.57198 2.3681
1.0 3.5224 2.0084
1.0 -1.7738 1.5081
1.0 0.64454 3.9292
-1.0 -0.13989 -4.425
1.0 2.8512 -0.42308
1.0 1.2254 0.6371
1.0 0.58792 -0.3428
-1.0 -3.1138 4.2576
1.0 -1.3618 1.5464
-1.0 -3.8417 -1.6258
1.0 4.5721 -3.7062
1.0 -1.3765 2.8568
-1.0 -2.9342 3.814
-1.0 -3.8678 -4.2113
1.0 1.1243 0.14912
-1.0 -2.7444 2.6822
1.0 0.64727 2.4825
1.0 4.9099 0.55968
1.0 2.6362 -3.1723
1.0 4.4154 3.9694
-1.0 -4.0855 2.0974
1.0 3.8731 1.5461
-1.0 -3.6239 4.4027
1.0 -0.8589 1.0336
-1.0 0.54493 -2.7086
-1.0 -1.3872 -3.423
1.0 3.1375 3.7637
1.0 4.5771 -0.72785
1.0 2.2543 3.2592
1.0 -1.826 4.8036
-1.0 -0.36985 -3.1859
-1.0 -2.6785 0.15298
1.0 -1.5356 3.368
-1.0 -2.9108 -1.2779
1.0 3.999 4.6124
-1.0 -1.6682 -1.7453
-1.0 -1.7756 2.2774
1.0 3.1186 -4.8633
-1.0 -4.3099 0.33613
-1.0 -0.93962 -4.0181
-1.0 0.6128 -2.8607
1.0 -1.5705 0.29198
1.0 2.2198 -2.6806
-1.0 -3.1248 3.3138
1.0 -0.97653 1.4817
-1.0 -4.2292 3.5078
1.0 -0.40573 0.78744
1.0 4.3383 2.476
1.0 -1.634 3.8915
1.0 4.5601 1.6478
-1.0 -0.2859 -2.3358
-1.0 -3.2192 -1.8806
1.0 0.44705 0.53157
1.0 1.2394 3.0237
1.0 0.091358 2.3986
-1.0 -0.14707 -4.4493
1.0 -0.42804 3.5192
1.0 3.9085 4.6386
1.0 0.34818 0.42996
1.0 -0.091513 4.797
1.0 4.9152 0.4158
-1.0 -3.22 0.20612
-1.0 -2.7929 -0.27625
1.0 2.128 0.31015
1.0 0.11779 4.5725
1.0 1.0227 3.528
1.0 1.4557 4.3595
1.0 -0.66042 4.3146
1.0 -0.21027 -0.36499
1.0 4.9965 4.9669
-1.0 0.41755 -4.4963
-1.0 -4.624 -2.7437
-1.0 -4.1218 2.9079
1.0 1.0824 0.18015
1.0 3.7718 -1.2102
-1.0 -3.7375 1.5571
-1.0 -3.3728 -0.33302
1.0 4.468 3.2903
1.0 -0.0019612 -0.79161
1.0 -0.91955 0.83919
1.0 0.18328 -0.65371
1.0 3.8201 -2.6938
1.0 -0.69443 3.0357
-1.0 -2.8699 3.5194
1.0 4.428 2.2859
-1.0 -2.5853 1.1002
-1.0 -2.0324 -3.5945
-1.0 -0.82141 -4.0115
1.0 2.2993 0.51299
1.0 -2.3012 4.7772
-1.0 -0.024154 -2.5818
1.0 0.20173 1.2834
1.0 1.2361 0.57908
-1.0 -3.6928 4.8456
-1.0 -1.7718 -3.6594
-1.0 -2.7501 1.6205
1.0 0.66055 0.72329
1.0 4.5082 4.3426
1.0 2.836 -0.28833
1.0 4.4283 4.9272
-1.0 0.13958 -3.3404
1.0 0.40455 4.4071
1.0 -0.66064 1.1679
1.0 -1.1719 2.0562
1.0 0.32782 1.4918
-1.0 0.71572 -4.7378
-1.0 -2.3027 1.0365
-1.0 0.83491 -4.8992
1.0 3.0164 4.1741
1.0 0.98438 4.8741
1.0 -0.37732 -1.5771
1.0 1.2905 -2.5556
1.0 -0.091814 4.3306
1.0 -0.80717 0.4021
-1.0 -4.9621 -2.5238
-1.0 -2.5201 0.58836
1.0 4.8865 4.8874
1.0 2.9657 3.1655
-1.0 -4.1667 -3.0761
1.0 3.5842 -2.9336
1.0 0.88834 2.7332
-1.0 -3.809 2.0882
1.0 1.8738 2.8526
1.0 3.2278 0.98125
1.0 4.5222 -1.0559
-1.0 -2.6241 -3.4626
-1.0 -3.741 -1.3627
1.0 3.8321 2.5203
1.0 2.4878 -3.2756
-1.0 -2.4753 -3.3271
1.0 3.7018 4.5613
1.0 -1.4848 2.2226
-1.0 -1.2473 -2.5282
-1.0 -3.0192 -3.7094
1.0 3.1358 -3.3164
1.0 4.9248 1.4497
1.0 4.2213 -4.3335
1.0 -0.3615 3.7987
1.0 2.7978 0.38532
-1.0 -3.848 -1.4126
1.0 4.7436 -1.344
1.0 4.6898 2.7773
1.0 -0.66805 3.1699
-1.0 -4.3832 -4.8623
-1.0 -3.6734 -0.53084
-1.0 -4.1919 -0.7029
-1.0 -4.8142 -3.8745
-1.0 -0.218 -4.2564
-1.0 -3.2153 2.5689
1.0 1.2484 0.072318
1.0 1.3842 4.5508
1.0 -0.7535 0.11519
1.0 0.63685 2.8494
1.0 1.8989 4.7278
1.0 1.504 -0.46863
1.0 4.9636 1.0973
1.0 2.6622 -4.7027
1.0 4.6027 -3.7795
-1.0 0.23903 -4.4346
1.0 -1.3922 -0.96101
-1.0 -3.5715 4.6347
-1.0 -2.7333 2.5668
1.0 1.375 -2.1671
1.0 4.1779 -2.2236
1.0 2.7593 2.9767
-1.0 -2.9231 -0.22554
1.0 2.8289 1.3084
1.0 -1.7108 1.4048
1.0 3.2295 2.3972
1.0 -0.96257 1.9021
1.0 3.466 -3.4349
1.0 3.0604 -0.11127
-1.0 -1.8822 -1.6046
1.0 3.7541 0.18413
1.0 3.2835 3.106
1.0 3.186 -1.4095
-1.0 -1.7679 -1.5046
1.0 3.3682 1.5555
1.0 4.2795 -3.5129
1.0 4.873 -1.0007
1.0 4.4957 1.3346
-1.0 -2.1201 -0.81964
-1.0 -2.3527 -4.5106
1.0 4.1879 -0.6247
-1.0 -1.6182 -2.526
1.0 0.68626 0.28371
1.0 -1.6489 0.81964
1.0 0.77389 4.0104
1.0 1.3714 1.6732
1.0 4.8017 2.1525
-1.0 -3.0123 0.86553
-1.0 -2.5932 -0.67095
-1.0 -4.4048 0.11818
1.0 3.2498 4.9573
1.0 2.6104 4.753
-1.0 -2.8069 -1.7972
1.0 1.3406 -0.29011
1.0 4.1814 3.146
-1.0 -3.4055 -3.624
1.0 -0.17629 0.59777
1.0 -1.0353 -0.48799
-1.0 -2.1995 3.5633
1.0 1.8432 2.2338
-1.0 -3.8087 -2.5858
1.0 3.9796 3.7356
1.0 4.5303 3.9461
1.0 2.2469 1.7915
1.0 2.5962 -1.597
1.0 0.47945 -0.51535
1.0 3.8584 -3.2727
-1.0 -1.8635 2.8318
-1.0 -2.8495 -4.3703
1.0 3.3815 -1.205
-1.0 -2.4922 2.1497
1.0 1.5849 -3.2501
-1.0 -4.7789 0.68143
-1.0 -2.8451 4.1009
1.0 4.2437 -4.9216
1.0 -1.4206 4.0595
1.0 3.0407 3.2178
1.0 0.23871 1.8892
1.0 4.7582 0.012588
1.0 3.5442 1.7837
-1.0 -3.1592 2.821
1.0 2.7986 -1.1362
-1.0 -2.5489 1.4643
1.0 2.0141 0.28681
1.0 -0.7129 4.1939
1.0 4.3884 -2.2263
1.0 1.9156 4.6501
1.0 2.4587 0.34182
-1.0 -3.4876 -1.3131
-1.0 -4.1269 2.5908
1.0 4.1169 -3.1441
1.0 0.71714 0.51697
-1.0 -4.8657 -0.42314
-1.0 -2.4913 -0.40123
1.0 4.0589 -3.8553
1.0 1.7777 -1.3926
1.0 4.6281 -0.75463
1.0 0.79032 0.008299
-1.0 -0.22833 -4.7919
-1.0 0.15867 -3.3056
-1.0 -3.5421 3.0778
1.0 1.9439 -0.067908
1.0 0.13425 2.0718
1.0 0.66993 -0.04201
1.0 4.7984 -3.1525
1.0 2.8312 -3.3666
1.0 3.1354 3.1715
1.0 0.68002 0.28963
1.0 4.1066 0.033936
1.0 -1.6824 -0.20352
1.0 2.1802 3.8182
-1.0 -3.6098 3.1696
1.0 4.0745 1.7173
1.0 3.4061 2.9828
-1.0 -1.7458 -3.3074
-1.0 -2.7275 4.9912
1.0 2.8858 2.2737
1.0 4.2802 -3.9549
-1.0 -1.7095 -4.5851
-1.0 -3.5523 2.3288
1.0 0.97891 3.0651
-1.0 -2.6612 3.3565
-1.0 -2.9423 2.436
-1.0 -2.9002 -4.4406
1.0 2.0789 -3.7253
1.0 3.6948 3.0779
-1.0 -1.989 2.2043
-1.0 -3.3006 -4.6989
-1.0 -3.184 -1.5011
1.0 2.0361 4.8829
1.0 -1.505 1.5921
1.0 3.5081 -0.94074
1.0 -0.10232 -0.28477
1.0 2.0807 0.29263
1.0 -0.36436 -0.27111
-1.0 -2.5916 1.6924
1.0 2.8684 -1.8743
-1.0 -3.9164 3.3432
1.0 3.4623 0.32048
-1.0 0.4155 -2.9158
1.0 2.4725 2.5404
-1.0 -4.7329 -4.9785
1.0 1.8793 -0.25306
1.0 4.97 4.2937
1.0 3.7791 3.9669
1.0 3.9952 1.1122
-1.0 -3.3836 4.1482
-1.0 -2.3125 -2.6199
-1.0 -0.083759 -4.2104
-1.0 -2.1981 1.7332
1.0 4.6534 -3.7291
1.0 0.31321 3.4482
1.0 2.7182 0.96909
-1.0 -2.8169 3.8055
1.0 3.5415 1.801
1.0 1.8103 1.554
-1.0 0.19938 -3.1308
1.0 0.13787 2.0242
1.0 1.1913 -2.192
-1.0 -3.0076 1.7779
1.0 1.9441 -2.7857
-1.0 -3.1683 -0.16135
1.0 0.24873 2.4355
1.0 2.9497 4.9384
-1.0 -2.1341 -0.90643
-1.0 -0.56285 -4.5369
-1.0 -4.0098 4.8164
1.0 0.44491 -2.5248
1.0 4.6839 4.8308
1.0 1.674 -0.8652
-1.0 -2.1254 -3.8769
1.0 -0.0090395 -0.74954
-1.0 -1.3421 -4.5077
-1.0 -1.4996 -2.3139
1.0 1.0244 -0.88654
1.0 2.4316 0.0095291
1.0 -1.3234 3.6154
-1.0 -3.333 -0.06341
1.0 0.91679 -1.6926
1.0 0.87369 1.014
1.0 1.9728 -2.0194
-1.0 -1.5958 -3.5914
1.0 0.30872 4.2771
-1.0 -3.0373 -2.7829
1.0 4.3945 0.34158
-1.0 -3.1313 -0.84634
-1.0 -1.3016 -4.6613
1.0 -1.4429 -1.2618
1.0 0.72008 -2.5342
1.0 4.0526 4.1264
-1.0 -2.2705 -2.6534
1.0 4.965 -3.0906
-1.0 -4.7775 0.42911
1.0 1.4204 3.589
1.0 0.97442 -2.3617
1.0 2.948 0.0050777
1.0 0.30059 2.8752
1.0 0.24763 1.1425
1.0 1.218 -2.9205
-1.0 -0.012503 -4.3563
-1.0 -4.0291 4.6673
1.0 2.4798 -0.32266
-1.0 -1.7528 2.2708
1.0 2.0326 0.78749
1.0 1.159 -2.9475
1.0 2.8979 4.2574
1.0 -2.0299 -0.59421
1.0 1.6093 4.1235
-1.0 -4.2813 -2.7246
1.0 -1.4628 4.788
1.0 2.4978 -2.8561
1.0 3.9204 -3.8892
1.0 -0.67425 1.2746
-1.0 -1.4131 -2.5093
1.0 1.5367 -3.6754
-1.0 -4.5852 2.2426
-1.0 -3.6164 -2.1212
1.0 1.9953 3.9779
-1.0 -1.389 -3.5002
-1.0 -3.304 1.9814
1.0 -0.41002 3.698
1.0 0.93754 -0.55042
-1.0 -3.477 -2.1397
-1.0 -3.1159 -0.88716
1.0 2.7334 -0.38165
1.0 3.6409 2.2928
-1.0 -2.7635 -0.96311
1.0 3.7804 -1.426
1.0 -0.45859 -1.3889
1.0 4.5512 -0.97082
1.0 2.477 2.8847
1.0 2.4597 0.23247
1.0 0.96785 4.199
-1.0 -3.4299 4.4636
1.0 1.1063 1.774
1.0 3.9943 0.60358
1.0 0.45087 3.0289
1.0 -0.39754 1.4379
1.0 2.9166 -3.021
1.0 0.1802 4.2752
-1.0 -2.7353 1.3651
-1.0 0.7668 -3.251
-1.0 -3.9734 -4.1955
1.0 1.0513 0.29661
-1.0 -2.541 -2.1556
1.0 0.61119 0.77725
1.0 3.684 2.7639
1.0 3.5968 -3.7889
-1.0 -3.2097 -1.8308
-1.0 -2.5127 -4.3749
1.0 2.5251 2.141
1.0 0.98706 -0.4036
-1.0 -4.6544 2.6365
1.0 -0.58543 1.1486
-1.0 -2.1059 -2.5814
-1.0 -3.9392 1.295
-1.0 -0.36985 -3.5621
1.0 -0.11632 1.3169
1.0 -1.1576 -1.4574
1.0 -2.229 4.5226
1.0 -0.61471 -0.16136
1.0 3.2702 -0.39022
-1.0 -3.2882 -3.8863
1.0 -0.77476 2.5551
-1.0 -3.4483 -2.9602
1.0 -0.91075 -0.98571
1.0 1.4634 0.48137
-1.0 -1.1296 -2.3098
-1.0 1.3408 -3.8779
1.0 4.709 4.6258
1.0 2.7366 -2.6703
1.0 3.1852 0.057391
1.0 4.5491 -3.1632
1.0 -0.94499 1.9903
-1.0 -2.4691 -2.0355
1.0 2.9511 4.5763
1.0 2.5891 0.20971
1.0 2.0379 -0.78669
1.0 3.1277 1.6229
-1.0 -2.5848 -0.90742
-1.0 -4.4357 2.271
1.0 4.1764 3.0777
-1.0 -3.8858 2.8115
1.0 2.641 1.723
1.0 4.6611 -3.6509
1.0 4.1152 -3.6185
1.0 2.0423 2.8766
1.0 4.2714 1.3585
-1.0 -3.5359 0.30981
-1.0 -3.4236 -2.5222
1.0 4.0402 3.7437
1.0 -0.49179 4.89
1.0 -0.33567 -1.1161
-1.0 -3.087 -0.10084
-1.0 -3.4516 -1.9412
1.0 4.3382 -1.2848
1.0 2.1443 -4.7102
-1.0 -1.2079 -2.6504
1.0 1.8845 1.7349
1.0 1.5885 0.077569
1.0 -0.19742 1.797
1.0 -0.70864 -0.12069
-1.0 -4.8533 1.7137
-1.0 -2.6578 -4.9426
1.0 -0.2832 -0.85911
1.0 3.525 -1.8204
-1.0 -4.7749 4.7403
-1.0 -4.5405 -4.4205
-1.0 -2.152 -1.6996
-1.0 -3.0488 4.6403
1.0 4.6977 3.6447
-1.0 -4.1338 -0.093256
1.0 2.7658 3.1808
1.0 4.506 -3.1983
1.0 4.2363 1.7227
1.0 4.0576 2.9934
-1.0 -3.6171 -3.0099
-1.0 -4.4884 2.9226
-1.0 -4.5781 1.6484
-1.0 -3.6923 0.3519
1.0 0.34946 3.2996
1.0 -0.47914 -0.63953
1.0 -0.11822 -1.8703
1.0 2.476 -3.3182
-1.0 -3.7271 4.5095
-1.0 -2.0667 -3.5444
1.0 1.9692 4.2068
1.0 4.552 -3.6998
1.0 4.8798 -4.7439
1.0 4.3612 1.7274
1.0 4.9848 -4.6012
-1.0 -4.5818 3.099
1.0 3.4489 -3.0114
-1.0 -2.2657 2.9228
1.0 -0.75437 0.88112
-1.0 -2.5805 -4.3632
-1.0 -3.1886 -2.8642
-1.0 -2.2526 1.6011
-1.0 -2.9733 -3.146
-1.0 -2.6479 -2.3762
1.0 2.8058 -0.91711
1.0 2.0319 1.3529
1.0 4.7604 -1.2305
1.0 4.2284 -4.3867
1.0 2.0088 -1.979
1.0 4.7558 4.4874
1.0 -1.6893 3.353
1.0 -1.0668 4.5551
1.0 1.2175 -3.0772
-1.0 -3.6124 3.9515
1.0 3.6834 -3.2546
1.0 -1.6749 1.0291
1.0 3.843 0.73136
-1.0 -2.0472 -3.2886
1.0 4.5204 3.0057
-1.0 -1.417 -3.1116
-1.0 0.39037 -4.8154
1.0 1.1322 3.9747
1.0 3.0212 3.0949
1.0 1.9536 -2.5694
-1.0 -3.0852 -4.6161
1.0 0.51106 4.2151
1.0 1.4909 4.252
1.0 1.2322 3.2021
1.0 3.2133 2.0549
-1.0 -2.4724 1.0557
-1.0 -3.7855 -3.2009
1.0 1.0864 2.202
1.0 -1.286 2.115
1.0 3.3965 4.1159
1.0 4.631 3.6551
1.0 2.5207 0.0070671
1.0 4.7772 -1.9061
1.0 4.7136 -1.9293
1.0 -0.92039 4.3106
1.0 1.657 -1.5236
1.0 0.40979 -0.47914
1.0 3.8592 -2.0157
1.0 2.8905 -0.71881
-1.0 -0.43868 -2.4965
1.0 0.017165 4.849
-1.0 -4.0578 2.4643
-1.0 -1.9153 -2.1031
1.0 -1.5502 -0.68737
-1.0 -3.2839 4.9609
1.0 2.4762 -3.6622
1.0 -0.66067 -0.8281
-1.0 -2.9229 1.1874
-1.0 -1.9875 3.7449
1.0 0.46378 -0.17049
1.0 0.088668 4.2512
1.0 3.7355 0.037004
-1.0 -0.17317 -2.2477
-1.0 0.40593 -3.3589
1.0 3.2777 -2.2277
-1.0 -4.225 3.9576
1.0 4.9383 -1.3695
1.0 4.7187 -0.4156
-1.0 -2.8398 -1.7359
1.0 4.7927 -0.82159
1.0 3.1038 3.8164
-1.0 -4.8852 4.7921
-1.0 -4.8705 3.7371
-1.0 -2.9538 -4.809
-1.0 -3.5382 3.6823
1.0 1.7811 2.3405
-1.0 -2.3646 2.4186
1.0 3.1062 4.6679
1.0 3.4233 1.6761
-1.0 -2.177 1.4973
-1.0 -0.89896 -4.6495
-1.0 -4.8218 -1.6513
1.0 1.6778 3.68
1.0 1.8526 -0.92171
-1.0 -1.5262 -4.8518
-1.0 -2.7533 1.3028
1.0 3.5409 -2.4133
1.0 3.4053 -0.24599
1.0 4.3586 -0.40675
-1.0 -1.9111 -3.5049
1.0 3.9534 0.3022
1.0 4.7508 0.83775
-1.0 -2.0315 -1.278
-1.0 -2.5681 -0.77596
1.0 -1.7158 1.9195
1.0 2.249 2.8363
-1.0 -0.76321 -4.6411
-1.0 -4.1324 1.6511
-1.0 -3.8215 3.7616
1.0 4.3513 -4.1798
1.0 3.9521 -0.21624
-1.0 -2.1047 -2.0145
1.0 -0.14661 4.2202
1.0 -1.881 0.87803
1.0 1.031 4.5621
1.0 3.0042 -4.343
1.0 3.2388 -3.7125
1.0 2.1418 3.3349
-1.0 -4.216 1.0882
-1.0 -2.5214 2.0302
-1.0 -2.2443 3.9786
-1.0 -4.5403 0.13707
-1.0 -1.4993 -3.5949
1.0 4.2589 -0.38358
-1.0 -4.4354 -2.6895
1.0 4.389 1.1943
-1.0 -3.2621 -4.2088
1.0 -1.2813 2.9057
-1.0 -2.0064 -2.7004
-1.0 -4.6654 -2.414
1.0 1.388 1.7863
1.0 -1.6353 0.27401
-1.0 -4.126 0.9847
1.0 1.6638 -2.4472
1.0 3.8676 -1.6179
1.0 4.7169 -1.7307
-1.0 -2.9119 -1.5672
-1.0 -2.8248 -2.2387
-1.0 0.73551 -3.4178
1.0 -1.4053 0.96905
1.0 0.52849 4.2021
1.0 2.4536 4.1363
1.0 0.38769 -1.0843
1.0 4.2085 -2.9301
1.0 -1.739 3.7631
-1.0 -1.3732 -4.0753
1.0 2.8896 0.56121
-1.0 -2.4072 -3.3872
1.0 3.7747 -3.3648
-1.0 -0.7877 -2.1259
-1.0 -2.7307 0.66078
-1.0 -2.8988 4.992
1.0 2.3193 -4.4998
1.0 1.9079 -2.291
1.0 -0.97569 1.063
1.0 4.249 1.9572
1.0 4.5364 0.48738
1.0 4.5149 -3.5435
1.0 -1.7507 -0.47478
-1.0 -2.5649 2.7017
-1.0 -1.659 -4.0144
1.0 3.2528 -2.5556
1.0 2.8868 1.7837
1.0 3.9341 3.6895
1.0 3.7225 -4.6643
-1.0 -2.6899 -2.018
-1.0 -0.056773 -4.0734
-1.0 -4.1917 1.2359
1.0 4.3575 -4.3841
-1.0 -1.7365 -1.7599
1.0 1.1315 3.6693
1.0 3.247 2.7919
1.0 -1.6304 0.67336
-1.0 -0.98773 -2.958
-1.0 0.057346 -4.9906
-1.0 0.5957 -2.9974
1.0 -0.18022 3.3573
1.0 0.52943 2.3296
1.0 -0.48682 1.929
1.0 4.9696 4.0063
1.0 3.9897 1.515
1.0 0.26844 3.2099
1.0 2.7898 -1.557
1.0 -0.60182 1.0115
-1.0 -4.5678 -1.8889
1.0 0.48839 -2.4293
1.0 0.27537 -1.683
-1.0 -3.217 -0.95585
-1.0 -2.1113 -4.5438
1.0 2.3297 -3.6757
-1.0 -3.3452 4.1957
1.0 -0.67512 2.7785
1.0 -1.6014 2.8627
-1.0 -3.8794 4.0407
-1.0 -4.1916 1.7647
1.0 -0.21864 1.1368
1.0 -0.63059 3.0006
-1.0 -2.4556 -2.0871
1.0 2.8251 0.20313
1.0 4.7378 -0.33653
1.0 2.7084 2.5805
1.0 4.1785 -3.0276
1.0 1.7024 -0.854
-1.0 -2.7573 3.4619
1.0 -0.97977 1.6979
-1.0 -3.2306 4.5437
1.0 0.50169 3.7774
-1.0 -3.2707 2.4512
1.0 1.229 -2.3673
-1.0 0.30256 -3.9729
1.0 3.6536 0.46521
1.0 2.9622 4.1419
1.0 -0.74747 -0.7669
-1.0 -3.3128 0.074961
-1.0 -4.718 -1.216
1.0 2.12 -2.3595
1.0 3.7711 -2.0872
-1.0 -0.055149 -3.4841
-1.0 -2.3471 3.0938
-1.0 -3.1077 2.1527
-1.0 -3.9857 4.0488
1.0 3.9289 4.3544
1.0 -0.44383 1.4673
-1.0 -1.218 -3.7832
1.0 3.6997 4.492
1.0 4.6461 4.3541
1.0 1.9442 -0.9806
-1.0 -4.6624 0.21717
1.0 2.7648 1.1422
1.0 4.5987 -4.6302
1.0 0.69222 3.3047
1.0 0.67693 1.9847
-1.0 -3.9807 2.2839
1.0 -0.14803 0.62728
1.0 2.6023 -2.9648
1.0 0.00079046 4.6231
1.0 0.56941 2.6554
1.0 4.0619 0.8959
-1.0 -1.8278 -4.7122
-1.0 -2.8413 -2.1198
1.0 4.9766 -3.9482
-1.0 0.69784 -4.6234
1.0 4.3794 -0.90064
1.0 -0.6817 3.9719
-1.0 -2.6272 4.6882
1.0 4.5103 -2.235
-1.0 0.6611 -2.9018
1.0 0.71891 -1.2869
-1.0 -1.8117 1.8602
-1.0 -3.7483 2.1746
-1.0 -2.1627 1.1826
1.0 1.781 -2.7636
1.0 1.8189 -1.3155
-1.0 -2.2816 4.4002
1.0 0.18954 4.897
-1.0 -3.9228 0.40968
-1.0 -1.0389 -3.2393
-1.0 -1.7459 1.8954
-1.0 -2.4907 -2.6838
1.0 2.2619 -2.3521
-1.0 -2.1394 1.7271
-1.0 -2.7088 -0.96413
1.0 -0.94277 2.0542
-1.0 -0.65402 -4.1488
-1.0 -2.1362 -4.5494
1.0 0.55453 2.0041
-1.0 -3.3646 3.844
1.0 4.3189 4.0953
1.0 4.256 -2.1003
-1.0 -3.7658 -0.40113
1.0 -1.3485 -0.1693
1.0 -1.337 3.9233
1.0 3.0403 0.51714
1.0 0.69731 1.0323
1.0 2.3162 3.0872
1.0 -1.8891 3.4959
1.0 4.9989 3.2856
1.0 4.9204 -1.6043
1.0 0.34965 -0.86848
-1.0 -0.43098 -3.3971
1.0 -0.87695 2.3902
1.0 2.9337 -2.3503
-1.0 -3.6816 -0.98998
1.0 -0.11327 2.7682
1.0 4.9487 -1.8596
-1.0 -0.70141 -4.3215
1.0 3.047 -2.7682
-1.0 0.17242 -3.7967
-1.0 -3.0182 0.063196
-1.0 -1.8994 1.9891
1.0 0.67428 3.1144
-1.0 -2.985 0.99315
1.0 1.0935 0.15696
1.0 4.7816 0.41864
1.0 3.4193 -4.9742
-1.0 -2.3262 -2.5235
1.0 2.3501 3.1786
1.0 4.5108 3.2154
1.0 3.6291 2.7768
1.0 1.1016 -0.8236
-1.0 -4.2963 -4.2533
-1.0 -3.7258 -2.9701
1.0 2.4847 -2.0894
-1.0 1.3029 -4.6249
1.0 -0.40888 3.0316
1.0 0.58551 2.0019
1.0 -1.2613 2.9879
1.0 1.6846 -4.0573
-1.0 -2.8644 3.2169
1.0 1.2126 3.9643
1.0 3.3593 -4.0212
-1.0 -1.9954 -3.3826
1.0 4.7401 2.1663
-1.0 -4.6101 -4.5577
1.0 0.73737 -2.1745
1.0 3.32 -0.048675
1.0 1.8275 2.581
1.0 2.5223 1.2153
1.0 1.248 2.9453
1.0 2.1015 -2.3838
1.0 1.2237 -1.5404
-1.0 -2.9442 3.447
1.0 0.22579 -1.041
1.0 4.6956 2.7864
-1.0 -3.819 -4.6602
-1.0 -4.1461 -1.5502
1.0 -0.12784 2.4275
1.0 4.899 -0.64664
-1.0 -1.276 -2.7983
-1.0 -2.2999 -0.12427
-1.0 -3.0821 4.5321
-1.0 -2.6106 2.8768
1.0 2.9625 3.7891
1.0 3.8996 4.7044
-1.0 -1.9515 3.0865
1.0 -1.3614 4.9947
-1.0 -3.7968 1.6183
-1.0 -0.17236 -3.9536
1.0 -0.85287 2.5788
-1.0 -4.4089 -1.03
1.0 4.4314 -2.0315
-1.0 -2.513 -4.0272
-1.0 -3.6724 2.3597
1.0 3.2252 1.4667
1.0 -1.4497 2.4899
-1.0 -4.7364 -4.674
1.0 -1.3287 -0.91307
1.0 -0.0060083 -1.6838
-1.0 -2.7702 -3.1919
1.0 4.2792 4.9847
1.0 -0.13197 1.0196
1.0 -1.2079 1.9359
-1.0 -3.2998 1.9112
1.0 4.203 0.32299
-1.0 -3.6898 2.1634
1.0 1.1658 4.8615
1.0 4.7469 1.8204
-1.0 -2.6444 0.26607
1.0 1.4207 -3.3814
-1.0 -4.701 4.528
-1.0 -2.2325 1.6923
-1.0 -1.5401 -4.4812
-1.0 -2.6437 1.0494
-1.0 -2.5047 2.1517
-1.0 1.4394 -4.3974
1.0 4.6389 -0.54519
1.0 0.70855 2.8079
1.0 -0.63341 0.19226
-1.0 -2.109 -3.3078
-1.0 -4.3554 -1.1376
-1.0 -3.6521 3.3394
1.0 4.4688 4.4363
-1.0 -3.4803 0.98222
1.0 1.3102 -1.0756
-1.0 -1.4498 -3.2102
-1.0 -4.2168 4.3016
1.0 3.5508 3.9694
-1.0 -1.6423 -4.8924
1.0 3.8739 -3.2776
-1.0 -2.8173 -3.1329
-1.0 -4.3615 2.7846
-1.0 -2.68 -2.5838
-1.0 -4.7277 2.8653
1.0 1.3717 1.3042
1.0 -0.10635 2.5912
-1.0 -2.3349 -2.0606
-1.0 -1.5887 -3.5537
1.0 -0.75651 3.2058
-1.0 -2.8071 3.1128
1.0 0.72306 -0.48221
1.0 -0.6754 3.0055
1.0 0.18715 2.88
-1.0 -3.2305 3.0107
-1.0 0.95591 -4.0202
-1.0 -4.3937 -3.8084
-1.0 -2.6199 -2.6527
-1.0 -2.9001 0.69556
-1.0 -3.275 3.1204
1.0 1.6303 2.6799
1.0 -0.31163 4.3996
-1.0 1.5787 -4.8774
1.0 0.021513 2.503
-1.0 -3.5292 0.86257
1.0 -0.9145 -0.48404
-1.0 -4.93 -3.3114
-1.0 -4.05 -0.46435
1.0 4.9312 1.1236
-1.0 -1.823 -4.2246
1.0 -0.15483 4.7328
-1.0 -3.8728 3.9697
1.0 2.2132 -1.1155
-1.0 0.91556 -3.8953
1.0 2.7773 -4.6031
1.0 -0.68645 -0.93072
-1.0 -3.4466 3.714
1.0 3.8964 -0.73779
-1.0 -3.7875 -1.3833
-1.0 -3.8108 2.731
1.0 4.0028 -3.8023
1.0 -0.83018 3.2673
1.0 1.5191 1.1139
1.0 2.3803 -2.9402
-1.0 -3.2625 4.1309
1.0 2.479 4.5433
-1.0 -3.7474 -4.1788
-1.0 -4.7521 2.2494
1.0 2.431 1.7235
1.0 3.2925 0.28655
1.0 0.89419 1.0992
1.0 -0.60988 4.649
-1.0 -3.6422 -3.597
-1.0 1.0217 -3.9262
1.0 1.1566 2.7401
1.0 -1.0775 2.4102
-1.0 -1.0598 -2.5628
1.0 4.3823 3.3677
1.0 -1.3596 4.766
1.0 1.8108 -4.0101
1.0 0.10186 2.7399
1.0 0.97081 -0.5253
1.0 2.4798 0.96443
-1.0 0.95909 -4.3884
-1.0 0.8861 -3.6121
1.0 2.6506 2.1543
1.0 3.7621 1.5596
1.0 4.7075 -4.8097
-1.0 -3.2243 0.22513
1.0 -1.8932 4.3425
1.0 -1.9924 0.20187
1.0 3.048 4.6232
1.0 0.35178 4.257
1.0 2.9205 0.1943
-1.0 -2.6744 4.9482
1.0 2.3781 -2.4334
1.0 2.4533 3.1134
-1.0 -4.5429 0.86078
1.0 2.8639 -1.3067
1.0 4.8309 -2.3229
1.0 1.5747 -2.2045
1.0 0.51599 -1.9127
1.0 1.6245 -1.1156
1.0 0.70289 -2.0006
-1.0 -3.2552 -3.3222
-1.0 -4.7563 4.6346
-1.0 -2.4099 1.022
1.0 4.8162 -2.8158
1.0 2.5735 3.0226
1.0 4.3526 1.7765
1.0 -0.31526 3.6246
1.0 3.0054 3.067
1.0 1.9705 -4.686
-1.0 -2.7033 4.3701
1.0 3.3448 2.0487
1.0 2.9469 -0.35808
-1.0 -3.8613 -1.6201
1.0 2.0992 -1.6892
-1.0 -4.049 1.9201
-1.0 -4.1654 -1.7807
-1.0 -1.7146 -3.0735
1.0 0.88464 2.2146
1.0 4.6397 4.3462
1.0 4.6614 1.0393
1.0 3.069 1.2766
1.0 -1.1576 3.7342
-1.0 -2.1949 -2.9541
1.0 3.2413 -2.4992
1.0 1.3784 -0.085853
1.0 1.4528 -1.0497
1.0 3.1798 3.7011
-1.0 -2.9706 -4.4317
1.0 0.67361 -2.1308
1.0 3.2183 3.3018
1.0 1.7242 2.0289
-1.0 -1.9114 -2.5954
-1.0 -2.2284 3.8324
1.0 4.4109 0.97069
1.0 0.67677 4.4656
1.0 -1.0672 3.0521
1.0 1.5164 -0.49178
-1.0 -3.7478 -4.7116
1.0 -0.38099 -1.5373
1.0 -0.17566 1.9789
1.0 -1.2192 -1.1221
-1.0 -0.78187 -3.8351
1.0 -1.6506 2.1288
1.0 3.6763 -1.0876
1.0 1.8643 -0.33694
1.0 3.7576 -0.64332
1.0 3.1947 4.4982
-1.0 -4.2023 -2.3932
1.0 4.0842 -0.78172
-1.0 -3.4373 -1.9323
1.0 3.117 0.055332
1.0 1.7528 -3.5196
1.0 -1.7791 3.6049
1.0 1.2385 1.8804
1.0 2.2503 1.0749
-1.0 -2.2819 3.427
1.0 2.2223 2.3761
1.0 -1.0401 3.6566
1.0 -1.8456 -0.21275
1.0 1.3089 -3.047
1.0 2.1842 -1.4258
1.0 0.3157 3.9792
1.0 2.6985 -2.7199
1.0 4.5036 3.5357
-1.0 -0.24317 -4.8073
-1.0 -2.766 -1.5899
1.0 2.818 0.37542
-1.0 -2.2387 -2.1786
-1.0 -4.6298 1.0738
-1.0 1.0998 -4.8091
-1.0 -2.8432 -4.6448
1.0 2.9318 -3.9721
1.0 4.9116 -0.64272
1.0 0.6003 -1.0279
1.0 0.060212 2.7152
1.0 -0.75644 -1.6041
1.0 3.7431 1.5927
1.0 0.28982 -0.6163
-1.0 -3.1026 -4.0893
-1.0 -2.9975 4.9513
1.0 2.6689 -4.28
1.0 4.5569 -3.6651
1.0 -0.70079 -0.30056
-1.0 -2.8405 0.17047
1.0 -1.4703 2.5709
1.0 3.9934 -1.51
-1.0 -4.679 1.5191
1.0 0.025006 4.4703
1.0 3.6809 -1.1427
-1.0 -4.6217 3.0997
1.0 3.2485 4.1747
-1.0 1.4525 -4.6058
-1.0 -4.8313 -4.4569
-1.0 -2.264 4.0761
1.0 -2.3431 4.9352
-1.0 -4.8442 2.0242
-1.0 -0.0027042 -3.5965
1.0 1.5777 0.13958
1.0 3.3947 0.61789
1.0 4.769 -1.9426
1.0 4.7235 0.30091
-1.0 -1.6196 -3.4647
-1.0 -1.5049 -4.1405
1.0 2.3518 2.6619
1.0 0.82253 4.1585
-1.0 1.1367 -3.4921
1.0 -1.0641 2.2249
-1.0 -0.85025 -4.9724
1.0 4.5229 -2.2015
-1.0 -2.7738 -4.715
-1.0 -3.6712 1.1436
1.0 -0.30409 -1.9191
1.0 2.6873 -0.059879
1.0 4.4513 -3.0162
-1.0 -2.4254 4.7036
1.0 0.83139 4.7061
-1.0 1.0858 -4.9761
-1.0 0.40204 -3.8729
-1.0 -4.0031 -4.0354
-1.0 -2.7247 3.3247
-1.0 -3.245 -1.5375
1.0 1.1445 -2.6445
1.0 4.7439 -2.4452
1.0 3.3837 4.8836
1.0 0.82267 1.9091
-1.0 -3.1349 -3.1819
-1.0 -3.3979 4.557
1.0 -0.80444 4.8765
-1.0 -3.3014 -1.5714
1.0 1.3341 0.29545
1.0 3.5179 -0.47398
-1.0 -4.0469 -1.5904
1.0 -0.33996 2.4773
-1.0 1.0202 -3.8856
-1.0 -1.1333 -2.1724
1.0 -0.68142 -0.21428
1.0 4.6092 0.55418
1.0 -0.34204 -0.95437
1.0 0.017145 -0.64146
1.0 4.7895 2.6501
-1.0 -4.2778 -2.4255
1.0 -1.6777 2.681
-1.0 -3.381 3.2613
1.0 -0.68102 1.9719
1.0 2.6445 4.1522
1.0 -0.91866 -0.31913
1.0 -0.36671 1.8448
1.0 3.9924 2.0247
1.0 -1.6418 4.2848
1.0 4.4381 -3.2602
1.0 0.86438 4.6929
-1.0 -3.0749 2.8259
-1.0 -4.3526 -0.76175
1.0 -0.89698 -1.5499
-1.0 -3.1474 0.66731
-1.0 -3.3391 -1.952
-1.0 -3.7876 -1.635
1.0 -0.43434 1.9719
1.0 -0.77348 -0.2833
-1.0 -1.1185 -1.9147
-1.0 -2.0522 -3.4862
1.0 3.1548 -2.9329
-1.0 -0.99602 -3.6864
1.0 3.1875 0.52298
1.0 0.64541 4.1816
1.0 3.3402 -2.6999
1.0 2.0952 4.7109
1.0 1.5073 2.0232
1.0 2.9009 4.0397
1.0 4.722 -1.4067
1.0 3.3374 -4.9591
1.0 1.3026 4.6426
-1.0 -0.47904 -2.5718
-1.0 -1.9383 2.3679
1.0 4.2265 -1.2687
1.0 4.6604 -2.9854
-1.0 -2.2103 -3.062
-1.0 -4.5132 -0.13344
-1.0 -2.1716 2.6724
1.0 3.2223 2.4327
1.0 -1.286 3.4154
1.0 0.92727 -2.5764
-1.0 -0.69704 -4.1964
1.0 -0.62406 4.242
1.0 -0.29137 1.7124
-1.0 -4.9532 -4.122
-1.0 -0.78629 -4.3351
1.0 4.1058 -2.0452
1.0 -0.42106 0.57672
1.0 -0.59105 4.539
-1.0 -4.2229 -4.6871
1.0 -0.62634 -0.81035
1.0 1.9293 -3.0971
1.0 1.797 -3.1571
1.0 1.8811 -3.7868
-1.0 -0.74135 -3.971
1.0 2.1175 -0.5959
-1.0 -2.211 -4.3907
1.0 0.75714 -1.0068
-1.0 -2.7623 2.0587
-1.0 -2.4002 0.28991
1.0 3.672 -2.3986
-1.0 -2.4508 -1.119
1.0 2.7415 1.5612
-1.0 -4.6057 -3.2675
-1.0 -1.7906 -4.0554
-1.0 0.7801 -3.7586
-1.0 -4.8219 -1.5324
-1.0 -2.2234 -3.2795
1.0 4.9071 3.3181
-1.0 -2.5773 0.6089
1.0 4.1379 -1.0396
-1.0 -2.0399 -4.7026
1.0 -1.0991 -0.50055
-1.0 -3.7514 4.7027
-1.0 -4.3058 3.9938
1.0 -0.21634 4.6082
1.0 -0.33402 -1.9993
1.0 1.748 4.9867
-1.0 -1.167 -3.1677
-1.0 -2.1897 -4.7016
-1.0 -4.7507 2.3036
-1.0 -4.3935 -3.4026
1.0 0.26064 -1.533
1.0 3.0494 -0.76257
1.0 -2.3056 4.7057
-1.0 -3.9017 1.9486
-1.0 -3.6748 1.259
-1.0 -4.6485 -1.5904
-1.0 -4.1888 -1.0025
1.0 2.4807 0.61168
-1.0 -3.6227 2.0267
1.0 2.2771 -3.4947
1.0 1.7452 0.56276
1.0 2.763 -4.2527
1.0 1.0652 0.72185
-1.0 -4.6877 -2.2043
1.0 4.2101 -2.4906
1.0 1.357 1.595
1.0 3.6323 -2.7689
1.0 0.93345 2.2667
1.0 -1.5905 1.1197
1.0 2.9268 4.2538
-1.0 -2.3205 -2.4282
1.0 4.8785 -1.392
1.0 2.883 -2.625
1.0 -1.2485 4.0135
1.0 2.4607 -3.5108
-1.0 -3.7031 -1.9223
1.0 3.1265 3.2202
1.0 3.5082 -2.1044
-1.0 -1.9362 -1.898
1.0 2.7761 2.3142
1.0 3.5569 0.87422
1.0 3.9698 1.2744
-1.0 -4.9437 0.041464
1.0 4.7082 -0.83779
-1.0 -3.0471 -2.5242
1.0 1.3887 -3.5643
1.0 3.5052 1.7673
1.0 2.8603 -2.0647
-1.0 1.5059 -4.0231
-1.0 -2.228 -1.4771
-1.0 -1.883 -3.6453
-1.0 -0.89212 -2.5318
-1.0 -0.74033 -3.9233
1.0 0.75833 3.355
-1.0 0.96872 -4.6405
-1.0 -1.3633 -4.249
-1.0 -1.638 -1.8772
1.0 -0.64707 0.17263
-1.0 -2.5232 1.5916
1.0 -2.1026 -0.56203
1.0 2.5916 1.5425
1.0 0.015578 1.7733
1.0 4.4227 2.8671
-1.0 -2.2046 -4.2598
-1.0 0.353 -3.6397
1.0 0.89283 2.2004
-1.0 -2.0014 1.8375
1.0 4.4368 -1.216
-1.0 -0.96081 -3.131
-1.0 -2.2568 1.002
-1.0 -2.7531 0.41699
-1.0 -2.308 -2.1514
-1.0 -2.6808 -3.2536
1.0 3.6448 -2.8587
-1.0 -0.46939 -2.515
1.0 3.7851 3.6339
1.0 -1.5265 0.25294
1.0 3.78 -3.9636
-1.0 -3.5146 3.3439
1.0 0.97442 -2.3571
-1.0 -2.3754 3.6077
1.0 -1.8681 0.88915
-1.0 -3.0875 2.6714
1.0 -0.25491 -0.0643
-1.0 1.2002 -4.3816
-1.0 -1.4358 -4.405
-1.0 -4.5561 -2.4256
-1.0 -4.9751 1.0086
-1.0 -0.37965 -4.8454
-1.0 -4.2513 3.2352
1.0 3.135 2.343
1.0 4.3785 3.2196
-1.0 -4.1477 -3.2294
1.0 4.9412 -0.45429
1.0 0.42518 3.9425
-1.0 -2.8045 -1.3035
-1.0 -3.9468 -2.2753
1.0 1.396 4.0793
-1.0 -2.232 -4.8878
1.0 -1.1842 2.3789
1.0 1.1985 -2.0282
1.0 0.35819 -2.3652
1.0 0.35684 -0.41599
1.0 4.8925 0.47898
1.0 2.1776 -4.1926
-1.0 -4.82 -4.5311
1.0 3.7065 3.1236
1.0 3.9207 -3.9613
1.0 3.3715 -2.0167
1.0 3.3739 -3.6706
1.0 3.1637 -4.0732
-1.0 -3.5874 4.7026
1.0 -1.5394 1.9496
1.0 4.9369 4.0635
1.0 1.442 4.0691
1.0 -1.6833 4.7443
-1.0 -3.1325 -3.1367
1.0 4.5372 0.38341
-1.0 -1.7805 -3.0884
-1.0 -0.73417 -4.6886
-1.0 -4.6403 4.4403
-1.0 -2.5581 -4.004
1.0 -1.743 2.7463
1.0 3.9667 3.9579
-1.0 -3.4723 4.9275
1.0 0.48613 -1.6361
-1.0 -0.93613 -2.6415
-1.0 -1.7214 -3.8999
1.0 -0.53886 -1.5283
1.0 -1.6059 0.20697
1.0 2.7587 -4.2892
-1.0 -2.0185 2.0528
-1.0 -4.0518 -2.0032
1.0 -1.7863 -0.92537
-1.0 -2.3779 2.1607
1.0 -1.9534 3.9115
1.0 -0.016051 3.7402
1.0 0.0011595 3.0163
-1.0 -3.1161 2.7888
-1.0 -4.8889 1.7383
1.0 3.4271 2.522
1.0 4.5008 -2.1435
1.0 2.1295 0.90727
-1.0 -4.7035 -4.6896
1.0 0.46173 -1.5678
1.0 2.6836 -2.9492
-1.0 -3.5345 -3.9578
1.0 -1.5682 2.0076
1.0 -1.778 -0.8718
1.0 3.7988 3.5435
-1.0 -0.16806 -4.542
-1.0 -4.6692 -4.2872
1.0 2.8937 -1.7193
1.0 4.9374 0.85204
-1.0 -3.784 1.4644
-1.0 -4.7431 3.8611
1.0 2.5314 3.516
1.0 2.9619 -4.7714
1.0 3.6923 0.18851
-1.0 -4.0043 -2.191
1.0 1.3636 2.3005
1.0 1.8144 -1.4647
-1.0 -4.4335 2.1191
-1.0 -4.2907 2.2131
1.0 3.7216 4.5503
-1.0 -2.9982 4.8849
1.0 0.47393 1.2801
-1.0 -1.0197 -2.0292
-1.0 -0.11204 -2.4453
-1.0 -4.3967 -3.2395
-1.0 -3.0414 3.271
1.0 0.19289 0.94274
1.0 -1.2622 4.5194
1.0 4.0999 -3.5791
1.0 4.5828 0.16881
-1.0 -4.7242 3.5396
-1.0 -2.7514 -4.8267
1.0 0.83099 3.3033
-1.0 -0.26525 -2.5766
1.0 -0.831 0.35498
1.0 2.6136 -4.2824
-1.0 -3.706 -1.0086
1.0 4.3798 0.017801
1.0 1.3953 2.3937
-1.0 -4.7965 -0.064273
1.0 -1.7028 2.423
1.0 1.2456 1.1188
-1.0 -2.8611 -4.8575
1.0 3.643 4.1368
-1.0 -4.0711 2.5767
-1.0 -2.6072 -2.337
1.0 3.2311 -2.2859
-1.0 -2.0223 -3.0871
1.0 0.48587 -1.0567
1.0 0.43293 1.8217
1.0 2.4133 -3.9432
-1.0 -0.59225 -2.7995
1.0 2.4338 -1.409
-1.0 -2.3442 2.6876
-1.0 -2.5317 -1.0984
1.0 2.1033 2.856
-1.0 -0.37387 -3.3208
-1.0 -3.6295 0.27844
1.0 3.3184 1.7199
1.0 3.1534 -3.3173
1.0 1.1082 1.7131
1.0 0.61373 -1.7324
-1.0 -4.5127 2.1763
1.0 4.2089 1.6187
1.0 2.456 4.0841
1.0 3.3371 2.2302
-1.0 -2.9363 -3.1234
1.0 4.9401 4.9478
1.0 4.8256 2.745
1.0 1.9521 -3.8946
1.0 4.861 -0.078996
1.0 4.6614 -4.8944
1.0 2.0667 -2.511
-1.0 -3.05 4.2347
1.0 2.1595 1.1465
1.0 3.8502 -2.5677
1.0 -1.8105 4.8933
-1.0 -2.3863 4.2741
1.0 4.9106 -2.3398
1.0 1.1257 1.2482
-1.0 -4.1397 -0.23014
1.0 4.7366 -4.6599
-1.0 -2.3825 -4.0273
1.0 1.0125 4.8564
-1.0 -3.8046 -3.0238
1.0 3.0586 -0.019999
1.0 3.6173 -4.1394
-1.0 -4.1472 -3.3291
-1.0 -3.296 -3.7263
-1.0 -1.4146 -4.7568
-1.0 0.39908 -3.0695
-1.0 -2.8789 -3.7458
-1.0 -2.7556 1.6437
1.0 2.7004 -4.5479
1.0 3.9613 -0.010491
-1.0 -4.8085 -3.4909
1.0 3.2366 -1.3909
1.0 0.8949 1.9358
1.0 4.8287 1.1411
-1.0 -4.4684 -0.57708
-1.0 -1.1885 -1.5486
-1.0 -3.0278 4.4536
1.0 1.0614 -1.1703
-1.0 -3.8991 -4.587
1.0 3.13 -4.4695
-1.0 -4.7551 -0.80973
1.0 2.3725 2.7975
-1.0 -4.3726 -1.0669
1.0 3.7054 2.8281
1.0 -1.7041 1.5087
1.0 -2.1825 4.6134
-1.0 -4.5565 -2.5617
1.0 -0.94355 2.855
-1.0 -1.3898 -3.3937
1.0 2.6455 -2.2996
-1.0 -3.068 -3.4236
1.0 2.1143 4.2298
1.0 2.461 4.4761
1.0 4.8723 -4.9028
1.0 2.0365 -1.6517
-1.0 -2.9598 -3.0004
-1.0 -4.3519 -2.9586
-1.0 0.26918 -3.5433
1.0 1.9458 -2.2704
1.0 0.8751 3.9602
1.0 0.80818 2.5636
-1.0 -4.2855 1.8228
1.0 4.4826 0.82616
1.0 3.5687 0.32971
1.0 3.3145 -1.1848
1.0 -1.5114 4.3582
1.0 4.7143 1.0541
-1.0 -3.0335 3.8555
-1.0 -2.5787 0.41912
-1.0 -1.786 2.3512
-1.0 -3.9893 1.4491
1.0 2.2492 0.92737
1.0 4.9506 3.318
-1.0 -3.6644 1.6671
-1.0 -2.9937 0.31966
-1.0 -0.6004 -4.0806
1.0 1.7517 4.7285
-1.0 -2.3978 2.8397
-1.0 -3.3524 -1.5174
1.0 4.7742 1.903
1.0 -0.53149 1.2095
-1.0 -2.1328 -1.1865
1.0 -0.67729 3.5849
-1.0 -2.2513 4.2677
-1.0 -3.1864 -1.9981
1.0 2.8784 2.8359
1.0 3.3794 -2.5055
1.0 3.3305 1.6487
-1.0 -1.8284 2.6639
1.0 0.65682 4.9479
-1.0 -2.3074 -3.1042
1.0 4.6497 -1.8437
1.0 1.1195 -0.58496
-1.0 -4.5883 -0.1924
-1.0 -2.5292 2.2751
-1.0 0.96263 -4.5684
1.0 -0.11052 -0.9683
1.0 0.14536 -1.6655
1.0 2.4558 -4.8794
1.0 4.1473 3.2583
-1.0 -3.7451 0.78228
1.0 0.3007 2.6449
1.0 3.6047 -3.1096
1.0 3.4382 2.8383
1.0 2.0811 -2.8551
1.0 3.073 -0.26212
-1.0 -2.3083 -3.9214
-1.0 -2.4313 -3.9921
1.0 -1.8394 0.23522
1.0 -0.42742 4.6882
-1.0 -1.7881 -1.1781
1.0 -1.1609 2.6219
-1.0 1.0327 -4.3915
1.0 4.8809 0.43618
-1.0 -4.4272 2.7694
1.0 3.633 1.4584
-1.0 -1.2267 -1.9436
-1.0 -4.3766 -0.97854
-1.0 -3.8316 -4.9721
-1.0 -4.6064 -3.3651
1.0 3.9896 2.1618
-1.0 -4.8956 -2.6704
1.0 4.2714 -4.6464
1.0 -2.0995 -0.0065369
1.0 2.7285 -0.29076
1.0 -1.9573 0.42316
1.0 3.7953 2.717
-1.0 -2.5035 -4.8676
-1.0 -2.0045 -2.0633
-1.0 -2.6044 -3.8923
1.0 -0.56109 0.72732
-1.0 -2.8269 -4.2739
-1.0 -0.30492 -2.2117
1.0 0.2849 -0.27633
-1.0 -3.8704 1.0281
-1.0 -3.063 4.3455
-1.0 -3.5615 -2.8421
1.0 2.8442 -2.8525
1.0 3.2976 2.735
-1.0 -0.12932 -4.0187
1.0 3.0675 -2.1716
1.0 -1.8336 4.9879
-1.0 -0.11898 -2.4604
1.0 4.9173 2.26
1.0 4.5694 2.3636
1.0 3.7938 4.4001
1.0 2.6503 3.7691
1.0 -0.34767 2.4837
1.0 4.6982 4.6941
-1.0 -4.2845 0.50243
1.0 2.6673 -1.6458
1.0 1.8387 0.86655
-1.0 -4.3874 -0.044371
-1.0 -0.64911 -2.8619
1.0 -2.0269 0.12254
1.0 0.93094 -1.8051
1.0 1.595 3.3984
1.0 2.0678 -4.2505
1.0 2.1248 1.6332
-1.0 -4.6183 -0.075204
1.0 1.2047 0.27982
1.0 2.651 -0.20669
1.0 0.75786 2.7268
1.0 1.1033 3.5483
1.0 0.82229 0.052678
-1.0 -1.3035 -3.2447
-1.0 -4.2263 1.4118
1.0 2.9691 -4.9822
1.0 -0.36345 0.26449
1.0 0.89434 -2.3148
1.0 -0.10687 0.10915
-1.0 -4.8808 -0.66447
1.0 -0.39511 3.5428
1.0 0.79368 -2.4569
1.0 1.5663 -3.4848
1.0 1.5761 1.9474
1.0 1.4747 2.3873
1.0 4.69 2.5607
-1.0 -3.9635 0.90693
-1.0 -3.0522 1.5779
1.0 3.6079 3.1789
1.0 4.8557 -1.7364
-1.0 -1.5454 -3.898
1.0 2.0914 -3.8397
1.0 2.665 0.92106
1.0 3.0733 -1.5843
-1.0 -0.34493 -4.106
-1.0 -0.29977 -3.6423
1.0 -1.8285 0.55507
-1.0 -1.8696 -4.9339
1.0 4.2402 3.5693
1.0 3.3117 1.3998
1.0 0.57794 2.0129
1.0 3.3954 -2.0471
1.0 3.9086 0.49962
1.0 3.8132 -2.6512
-1.0 0.95887 -4.557
-1.0 -1.4698 -4.0131
-1.0 -0.13557 -3.9987
1.0 2.9857 2.6796
-1.0 -4.1138 -1.0339
-1.0 -4.8011 -3.2546
1.0 0.68593 -1.236
1.0 -1.1268 3.8444
1.0 1.738 -0.66445
-1.0 -3.2869 1.1601
-1.0 -3.5912 -1.7924
-1.0 -4.3314 0.42963
-1.0 -4.4978 -1.4208
-1.0 -3.644 3.1836
1.0 -1.8105 1.1072
1.0 2.5795 2.3333
-1.0 -2.3554 2.0249
1.0 -1.1504 3.2772
-1.0 -2.7517 -4.3245
1.0 1.4204 0.48718
1.0 0.83225 4.4704
-1.0 -4.8256 2.5228
1.0 2.0701 1.1004
-1.0 -2.445 4.3535
-1.0 -2.6848 4.9853
1.0 2.6873 -0.13189
1.0 1.3731 -0.48848
1.0 0.211 0.86641
1.0 -1.2029 2.525
1.0 2.0342 3.8762
-1.0 -1.9692 3.1329
-1.0 -3.9056 4.4591
1.0 -1.1867 1.5435
1.0 3.1655 0.2129
1.0 2.0376 -2.059
-1.0 -3.364 -0.68439
1.0 2.6423 2.0733
1.0 4.2557 -4.578
-1.0 -2.8839 -4.8705
-1.0 -2.9402 4.888
1.0 -1.8267 -0.52787
1.0 1.0149 1.0305
1.0 4.0362 -1.862
-1.0 -2.5439 4.9151
-1.0 -4.3893 -0.95564
1.0 1.2938 -1.0092
1.0 3.4466 -2.0632
1.0 -0.077069 0.24287
1.0 3.5551 2.6185
-1.0 -2.3285 -2.6551
-1.0 -3.0761 3.2635
1.0 0.062823 0.084775
1.0 1.6466 4.068
-1.0 -3.1745 -3.7972
-1.0 -2.3856 1.0165
-1.0 -3.1085 3.68
1.0 3.5447 0.28469
1.0 -1.0298 0.088408
1.0 2.9026 1.1567
-1.0 -2.244 -0.22045
-1.0 -1.726 -2.8021
-1.0 -3.0733 1.2622
-1.0 -4.841 2.0039
1.0 4.4953 0.19857
1.0 0.12451 0.4189
1.0 2.3533 -3.0498
1.0 0.20874 3.9934
-1.0 -1.8806 -4.4106
1.0 4.9244 4.7361
1.0 3.8776 -3.6172
1.0 3.233 -4.0957
1.0 2.7212 -0.14937
1.0 -1.1376 3.2597
1.0 -1.7178 3.8343
1.0 3.5079 -4.0024
1.0 2.303 2.172
1.0 -0.2898 2.145
1.0 3.9959 2.4356
1.0 0.92577 -2.3286
1.0 1.1944 -1.4623
1.0 2.6686 3.1064
1.0 1.1194 -1.5562
1.0 3.8366 0.21865
1.0 4.8076 -2.9273
-1.0 -4.7016 1.3999
1.0 1.4636 3.0737
1.0 0.016295 3.4502
-1.0 -3.9906 -4.773
-1.0 -3.1466 0.68385
-1.0 -3.4782 -0.35559
1.0 1.8108 -1.8563
-1.0 -3.5314 -3.9973
-1.0 -3.2285 2.623
-1.0 -3.9522 1.8153
1.0 0.020451 -1.4301
-1.0 -4.4793 4.0291
1.0 -0.15926 3.5245
1.0 -0.57318 -0.1318
1.0 2.9214 3.0368
1.0 0.39349 1.0369
1.0 3.9921 -1.9529
1.0 1.4973 1.1232
1.0 1.2499 0.85221
-1.0 -3.7776 0.72529
1.0 0.14783 3.2203
-1.0 -3.7133 2.7014
1.0 2.7804 -1.815
1.0 -0.052994 3.9088
1.0 0.87692 0.34906
1.0 1.0511 0.46712
-1.0 -3.3238 -3.4408
-1.0 -4.0836 -1.442
1.0 4.2716 4.7701
-1.0 0.51131 -3.0823
1.0 -1.8534 0.39696
-1.0 -4.286 -1.795
-1.0 -2.1609 2.063
1.0 1.7337 -4.2012
-1.0 -4.5917 -0.38139
-1.0 -2.4626 -2.4055
1.0 2.7832 1.0262
1.0 0.83648 -1.742
1.0 2.9967 -3.0255
1.0 1.3629 2.324
-1.0 -4.3961 -0.40358
1.0 4.6892 1.8559
1.0 -0.96477 2.1036
1.0 1.8565 -0.49092
1.0 2.7576 -3.0888
-1.0 -2.1128 -3.1198
1.0 4.0576 4.6184
-1.0 -1.7798 2.8188
1.0 4.8816 4.9029
1.0 0.40482 2.7451
1.0 1.1243 -2.8987
1.0 4.5511 -4.9837
1.0 4.7052 -0.61816
-1.0 -4.5516 -1.2911
-1.0 -2.2919 -4.5938
1.0 0.84321 -2.7242
1.0 4.8492 0.57835
1.0 2.9779 1.4223
1.0 2.0081 2.3969
-1.0 -3.1535 -2.7556
1.0 2.0959 -4.4033
1.0 2.1168 -1.1806
1.0 1.3187 -3.4725
1.0 2.3416 0.43069
-1.0 -1.4165 -1.7653
-1.0 -3.8575 -1.9883
-1.0 -3.4585 -3.0664
-1.0 -3.7738 -1.4417
1.0 4.6397 -2.2803
-1.0 -2.5469 -2.4316
-1.0 -2.6247 1.3555
1.0 4.2276 -0.28251
-1.0 -4.8257 3.8907
-1.0 -2.8964 -1.2754
1.0 0.024428 1.2701
1.0 0.16672 -0.15979
1.0 3.6552 3.6664
1.0 4.3221 2.4591
1.0 4.0731 -2.9101
-1.0 -1.0751 -3.657
-1.0 0.54004 -2.8354
1.0 2.9542 4.8601
1.0 4.0398 2.1433
1.0 2.0942 1.0166
-1.0 -1.8676 1.4359
-1.0 -4.876 -1.6703
1.0 3.7582 -3.377
1.0 4.519 3.4659
-1.0 -4.2957 4.1316
1.0 3.6918 -1.3723
1.0 -1.7925 1.5347
-1.0 -1.89 3.3558
-1.0 -3.7202 -0.54747
-1.0 -2.3747 -1.9055
1.0 2.7219 2.5308
-1.0 0.92959 -3.7134
-1.0 -2.7925 4.9723
1.0 3.0748 1.7616
1.0 4.9015 -0.87531
-1.0 -1.9968 -2.8722
-1.0 -0.17844 -2.742
1.0 0.98553 2.0981
1.0 2.8936 0.75781
1.0 2.3655 -1.2943
1.0 0.032412 4.6776
-1.0 -4.1537 2.5923
1.0 2.1556 -0.619
1.0 4.4964 -3.8346
-1.0 -2.7891 3.5673
1.0 2.3733 3.0873
1.0 3.084 -1.209
-1.0 -0.819 -3.2622
-1.0 -0.51558 -4.2474
-1.0 -4.3986 -4.3227
1.0 3.6225 -0.43004
-1.0 -2.4168 -4.6055
1.0 4.2487 3.322
1.0 2.6654 -3.9758
1.0 3.9477 1.0892
1.0 0.45561 4.5637
1.0 -1.2463 2.4184
-1.0 -1.1015 -4.9497
1.0 3.7234 -4.7927
1.0 1.7657 4.885
1.0 3.2823 -0.066393
-1.0 -3.2795 2.8053
-1.0 -4.9024 1.9069
-1.0 -2.8513 -4.9901
1.0 1.163 -1.4971
1.0 -0.6771 0.42256
-1.0 1.3229 -4.5566
-1.0 0.53973 -3.8546
-1.0 -2.0486 1.4242
1.0 4.0173 3.8469
1.0 4.9839 -0.11103
-1.0 -4.6511 2.8488
1.0 2.5037 1.1568
1.0 2.7311 0.16835
1.0 -0.60201 -1.5286
1.0 0.35986 -2.1374
-1.0 0.76217 -4.4738
1.0 1.0345 0.54476
1.0 1.9909 4.5655
1.0 -0.82394 -0.69422
1.0 3.8721 -2.0313
-1.0 -4.8256 -4.7656
1.0 3.2949 -3.0119
-1.0 -4.6559 4.6027
1.0 4.0413 -0.24684
1.0 1.7818 0.14364
1.0 0.7664 -2.6522
1.0 0.42997 2.7044
-1.0 -4.0695 -3.4977
1.0 -0.49111 4.4851
1.0 4.4851 1.9645
1.0 -1.4258 1.056
1.0 3.4371 1.0974
1.0 0.81873 -0.41413
1.0 3.6193 0.95791
1.0 3.0089 -1.1309
1.0 0.47829 -1.4334
1.0 2.2953 4.0484
1.0 -1.3228 3.8066
1.0 2.885 2.1898
1.0 -0.83061 -0.47593
1.0 2.5244 -3.147
1.0 2.7223 -3.8076
1.0 3.2867 4.0784
1.0 3.6835 -1.6297
-1.0 0.52014 -4.7577
1.0 2.449 1.0337
1.0 4.1561 3.0311
-1.0 -1.8422 2.588
1.0 -0.3798 -1.4967
1.0 -1.0723 3.5307
1.0 1.6967 4.9445
1.0 3.5416 -0.64554
1.0 -1.4726 0.95005
1.0 3.972 -0.79477
-1.0 -4.2075 4.305
1.0 -1.4177 -0.53272
1.0 0.61251 -0.8718
-1.0 -2.7973 -4.2554
1.0 -0.11103 -0.60518
1.0 0.27654 -2.2008
1.0 3.1846 1.1149
1.0 3.8752 -2.0275
1.0 1.0074 4.1889
1.0 1.9814 4.1485
-1.0 -1.7565 -1.2166
1.0 0.9234 4.9864
-1.0 -2.6923 2.8283
1.0 4.6347 2.7737
1.0 -0.044106 -0.80358
1.0 4.1087 4.8882
1.0 -0.79736 -0.17486
1.0 4.4782 3.1281
-1.0 -0.025098 -2.8605
1.0 0.11757 -0.34814
1.0 2.702 0.1691
1.0 2.0751 -3.4621
1.0 1.9305 -1.846
1.0 -0.33666 4.5508
-1.0 -3.8495 -1.5311
1.0 4.6433 4.4161
1.0 -0.87569 1.9576
-1.0 -4.0565 2.0922
-1.0 0.93318 -3.8804
1.0 -1.4209 -0.37364
1.0 -1.6715 3.3042
-1.0 -4.3481 -1.6888
-1.0 1.3411 -3.9959
1.0 -2.1586 -0.17672
-1.0 -2.7219 1.2607
1.0 4.9892 -3.0424
1.0 1.4631 3.0038
-1.0 -1.5572 -4.6851
1.0 1.0453 1.9771
1.0 2.1639 0.31362
1.0 2.9046 -1.3235
1.0 -0.8273 4.7197
1.0 -0.39337 3.4652
1.0 3.1949 -4.7703
1.0 -1.0611 2.2013
1.0 3.8647 1.212
1.0 -1.3803 -0.45779
1.0 0.32342 -1.2732
1.0 -1.6064 3.5594
1.0 4.4983 0.42728
1.0 3.2051 -4.9845
-1.0 -3.1168 0.88324
-1.0 0.67445 -4.6356
1.0 4.823 -1.0325
1.0 -0.86038 0.77538
1.0 0.65232 4.2923
1.0 0.60045 -2.3947
1.0 0.27763 -1.4376
-1.0 -0.60192 -4.5438
1.0 0.9057 4.0702
1.0 -1.4527 2.2118
1.0 4.8422 3.3691
-1.0 -2.8821 -4.6459
-1.0 -3.9753 -3.0322
-1.0 -4.6125 4.9514
1.0 0.73419 4.1695
-1.0 -4.3058 3.2689
1.0 -0.4137 1.4175
1.0 0.49944 1.5156
1.0 -1.6904 2.7235
-1.0 0.54295 -4.1121
-1.0 -4.7979 2.0394
-1.0 0.42229 -2.7066
1.0 -0.35012 4.6551
1.0 3.3828 -2.2771
-1.0 0.26586 -4.7302
-1.0 -4.4879 -4.8218
1.0 -0.76956 2.8302
1.0 4.2292 -1.693
-1.0 -2.2253 -3.6939
-1.0 -2.3236 1.736
1.0 4.9516 3.3539
-1.0 -3.7474 0.1851
1.0 -0.65711 2.7067
1.0 0.33307 3.6589
1.0 0.26902 2.3731
1.0 4.577 4.1648
-1.0 -4.5854 -4.046
1.0 2.6537 -4.3217
1.0 -1.0611 -1.4015
-1.0 -1.7872 -2.984
1.0 0.68823 -0.16189
1.0 0.39823 0.41469
-1.0 -4.6819 2.6986
1.0 1.9191 -4.4967
-1.0 -1.1966 -2.7773
1.0 2.107 -4.4237
1.0 0.89051 4.0722
-1.0 -0.70579 -2.7104
1.0 1.5349 -0.38744
1.0 2.297 -0.88985
-1.0 -1.5906 -2.8771
1.0 0.17492 2.7151
1.0 4.3347 -4.2094
-1.0 -1.7751 -3.9645
-1.0 -4.9259 -4.0948
1.0 3.5671 -1.3101
-1.0 -2.5838 -4.0797
-1.0 -3.9065 -1.0188
-1.0 0.45614 -3.0567
1.0 -1.0388 0.29189
1.0 0.15754 2.7036
-1.0 -2.9522 4.1585
-1.0 -2.8036 -3.9669
1.0 -0.11741 1.7262
1.0 2.4304 -1.7756
1.0 -1.1466 4.7034
1.0 0.003264 4.0924
1.0 2.3691 -1.1455
1.0 -0.84373 0.099631
-1.0 -3.1724 0.61334
1.0 4.8565 0.32504
1.0 1.7398 0.17267
1.0 4.5367 0.36968
-1.0 -2.6559 -0.46241
-1.0 -3.8072 2.5352
1.0 1.8266 -4.4085
-1.0 -2.0872 3.5077
1.0 4.9291 -0.5214
1.0 2.3594 2.5229
-1.0 -0.59154 -4.5253
-1.0 -3.6772 -2.9218
-1.0 1.2913 -4.8695
1.0 2.6464 1.8224
-1.0 -2.8917 -1.0016
1.0 2.6543 0.75567
1.0 3.2414 2.7572
1.0 3.9768 0.81799
-1.0 -3.5118 -1.2464
-1.0 -4.0667 -2.7965
1.0 -2.0135 0.90621
1.0 2.7701 -2.2555
-1.0 -4.7592 3.0378
-1.0 -2.1303 2.2109
-1.0 -1.772 -2.9698
-1.0 -4.7882 4.3905
1.0 3.6111 2.316
1.0 4.5848 -0.63988
1.0 4.289 4.3629
1.0 4.5387 1.6515
1.0 1.4922 -2.9843
1.0 4.0908 -2.357
-1.0 -3.0779 1.7876
1.0 4.6417 3.3353
-1.0 -2.557 -2.2976
-1.0 -2.5456 -2.0338
-1.0 -2.5728 -4.5675
1.0 1.3814 -0.1194
1.0 4.7216 3.221
-1.0 -2.6412 3.2272
1.0 0.28925 1.0281
1.0 1.9673 -1.9679
1.0 4.1766 3.4283
1.0 -1.3906 -0.91782
-1.0 -3.8472 4.1218
-1.0 -3.6707 4.7094
-1.0 -0.41612 -3.2084
1.0 -1.2754 4.6892
-1.0 -2.6626 3.7123
1.0 2.1022 -2.5761
1.0 4.4858 -4.163
1.0 2.0195 1.514
-1.0 -4.6227 -0.22663
1.0 4.7353 -3.7871
-1.0 -1.6237 -3.607
1.0 2.1449 1.8135
1.0 4.4319 -1.6937
-1.0 -2.4003 -3.7666
1.0 2.9219 2.2203
1.0 3.4988 -4.8559
1.0 -0.083858 4.9276
1.0 2.9298 -3.4316
-1.0 -4.2663 3.5578
1.0 4.2974 2.7016
1.0 2.8824 0.14512
1.0 0.39315 -1.1549
1.0 3.8998 -4.7769
1.0 -1.6228 2.7102
1.0 3.3373 -2.8838
1.0 4.3544 3.772
-1.0 0.47224 -3.3879
1.0 -1.3494 3.9794
-1.0 -2.6905 -3.3856
1.0 -1.2189 -0.13086
1.0 2.5564 1.488
1.0 4.1624 -1.3998
-1.0 -1.8975 1.4672
1.0 2.5809 4.2137
1.0 -2.117 4.8538
1.0 4.1096 -1.283
-1.0 -4.1259 3.5884
-1.0 -1.2964 -3.3856
-1.0 -4.1214 -4.6358
-1.0 -3.9996 0.90678
-1.0 -4.6071 3.2023
-1.0 -1.1075 -2.5213
1.0 -1.1725 -0.065168
-1.0 -4.2584 -4.6638
-1.0 -3.5091 4.1837
-1.0 -2.5233 3.6097
1.0 2.0937 1.8446
-1.0 -3.343 0.70212
-1.0 -0.01076 -2.8446
1.0 2.9643 -0.5106
1.0 3.8729 -0.67452
1.0 1.4938 -0.46283
1.0 -1.4269 3.944
1.0 2.1188 4.0015
-1.0 -3.9009 3.7396
-1.0 -3.7703 -0.91787
1.0 2.6756 -3.6642
-1.0 -3.5378 -2.5162
-1.0 -4.1131 -2.3292
-1.0 -0.31826 -2.2674
1.0 -0.4217 0.30363
1.0 0.505 -1.0752
1.0 3.3103 -3.7028
1.0 2.154 -0.32187
1.0 3.2101 -3.4803
1.0 2.3603 -1.9647
1.0 4.1773 2.8584
-1.0 -2.5848 -0.41617
-1.0 -3.4954 -0.8859
1.0 2.5843 -0.97552
-1.0 -4.5895 -4.5881
-1.0 -2.2389 -3.9162
1.0 4.0302 -3.0885
-1.0 -0.523 -1.9488
-1.0 0.36158 -2.64
-1.0 -4.1851 -0.096508
1.0 3.7622 0.12112
1.0 1.8746 -2.925
1.0 2.3631 0.72129
1.0 2.5964 2.5459
-1.0 -2.389 -3.3382
-1.0 -2.9029 -3.1065
1.0 3.3886 3.1684
1.0 1.2801 -2.356
-1.0 -2.9625 -4.3432
1.0 4.5478 -1.4489
1.0 0.6131 0.014056
1.0 3.0447 4.0668
-1.0 -2.8438 -2.8449
-1.0 -2.0136 -3.5975
-1.0 -3.3688 3.7125
1.0 2.5276 1.5697
1.0 0.43193 1.2544
-1.0 -4.1078 -4.6918
-1.0 -1.1513 -4.7189
1.0 4.9854 2.7103
1.0 4.3038 -0.44589
1.0 -0.89523 -0.60868
1.0 -0.72251 -1.4451
-1.0 -3.2331 -2.5683
1.0 -1.693 -0.68726
-1.0 -1.822 1.9069
-1.0 -1.8309 -3.2871
1.0 0.18234 0.84598
1.0 3.0471 1.3899
-1.0 -3.8968 1.5568
1.0 0.0056655 -0.30806
1.0 0.46628 1.8254
-1.0 -3.7093 -2.8718
1.0 4.4501 1.5231
-1.0 -4.6089 -3.971
1.0 -1.3618 0.569
1.0 0.43282 -0.60507
1.0 2.482 -4.9641
-1.0 -3.4636 -2.1677
-1.0 1.3185 -4.3313
1.0 0.18446 4.6624
1.0 4.1733 2.3478
1.0 0.18434 -2.0839
1.0 3.7902 -1.4412
-1.0 -4.6069 1.1334
-1.0 -4.5255 2.0238
-1.0 -3.0322 0.76193
1.0 3.1481 3.2059
1.0 2.0726 -3.3951
1.0 1.1887 3.8185
1.0 2.0342 -4.6548
-1.0 -1.9895 1.8333
1.0 -0.54511 -1.5054
1.0 3.4533 -4.0769
-1.0 -1.3894 -3.8348
1.0 -1.4658 2.207
-1.0 -3.1261 -2.0013
1.0 2.4762 -0.4478
1.0 3.9067 4.8359
1.0 -1.698 4.815
1.0 3.7316 3.6156
-1.0 -0.14537 -2.4992
1.0 2.8308 -4.4929
-1.0 -2.3747 4.1552
-1.0 -4.1656 0.00093103
-1.0 -3.3634 -0.88827
1.0 4.6028 0.33055
1.0 3.9195 2.0891
1.0 0.92318 2.9782
-1.0 -2.0566 -2.59
1.0 0.76506 -2.6066
1.0 0.039655 1.0136
-1.0 -2.9207 4.1773
-1.0 -4.9979 0.24042
-1.0 -4.1063 -2.6934
1.0 4.2389 -0.18801
-1.0 -4.1946 -4.9336
1.0 -0.38949 3.8785
1.0 0.11991 1.9343
1.0 4.3483 -1.2952
-1.0 -0.86978 -3.9334
1.0 4.2237 3.6252
-1.0 -2.7211 2.5936
1.0 4.2143 0.81272
-1.0 -4.153 -4.0991
-1.0 -2.4611 2.906
1.0 0.36072 0.87355
-1.0 -3.7674 2.3218
-1.0 -3.8838 1.5973
1.0 3.552 -4.3181
1.0 -1.7167 3.1517
-1.0 -3.1707 -4.7128
-1.0 0.48446 -4.2367
1.0 3.1198 -3.0074
1.0 4.9621 -0.97561
1.0 0.45844 -0.45074
-1.0 -2.3514 0.96262
1.0 1.7569 3.5562
1.0 3.8914 4.3449
-1.0 -4.9383 -3.92
-1.0 -4.942 3.86
1.0 0.16102 3.6663
1.0 4.5332 3.6304
1.0 -1.613 1.655
1.0 4.2159 3.5513
-1.0 -2.9771 -2.7055
1.0 4.3135 -3.3515
-1.0 -1.9393 -3.0161
1.0 3.7334 -0.30398
-1.0 -1.3896 -2.2584
1.0 3.3725 4.0154
1.0 3.5572 3.9927
1.0 -0.092464 -0.20171
1.0 2.9446 -2.1181
1.0 -0.65411 4.037
-1.0 -1.8325 -2.5291
-1.0 -2.1926 -3.1043
1.0 1.0841 0.23737
